Variavéis de entrada


A:
	7	-3	0	0	0
	-3	7	-3	0	0
	0	-3	7	-3	0
	0	0	-3	7	-3
	0	0	0	-3	7


X (inicial):
	0	0	0	0	0


B:
	10	45	100	45	10


--------------------Iterações-------------------------

Somatório
	1	1	1	7	0	0
	1	1	2	-3	0	0
	1	1	3	0	0	0
	1	1	4	0	0	0
	1	1	5	0	0	0

Iteração
	1	1	10	0	1.428571e+00

Somatório
	1	2	1	-3	0	0
	1	2	2	7	0	0
	1	2	3	-3	0	0
	1	2	4	0	0	0
	1	2	5	0	0	0

Iteração
	1	2	45	0	6.428571e+00

Somatório
	1	3	1	0	0	0
	1	3	2	-3	0	0
	1	3	3	7	0	0
	1	3	4	-3	0	0
	1	3	5	0	0	0

Iteração
	1	3	100	0	1.428571e+01

Somatório
	1	4	1	0	0	0
	1	4	2	0	0	0
	1	4	3	-3	0	0
	1	4	4	7	0	0
	1	4	5	-3	0	0

Iteração
	1	4	45	0	6.428571e+00

Somatório
	1	5	1	0	0	0
	1	5	2	0	0	0
	1	5	3	0	0	0
	1	5	4	-3	0	0
	1	5	5	7	0	0

Iteração
	1	5	10	0	1.428571e+00

Somatório
	2	1	1	7	1.428571e+00	10
	2	1	2	-3	6.428571e+00	-9.285714e+00
	2	1	3	0	1.428571e+01	-9.285714e+00
	2	1	4	0	6.428571e+00	-9.285714e+00
	2	1	5	0	1.428571e+00	-9.285714e+00

Iteração
	2	1	1.928571e+01	1.428571e+00	4.183673e+00

Somatório
	2	2	1	-3	1.428571e+00	-4.285714e+00
	2	2	2	7	6.428571e+00	4.071429e+01
	2	2	3	-3	1.428571e+01	-2.142857e+00
	2	2	4	0	6.428571e+00	-2.142857e+00
	2	2	5	0	1.428571e+00	-2.142857e+00

Iteração
	2	2	4.714286e+01	6.428571e+00	1.316327e+01

Somatório
	2	3	1	0	1.428571e+00	0
	2	3	2	-3	6.428571e+00	-1.928571e+01
	2	3	3	7	1.428571e+01	8.071429e+01
	2	3	4	-3	6.428571e+00	6.142857e+01
	2	3	5	0	1.428571e+00	6.142857e+01

Iteração
	2	3	3.857143e+01	1.428571e+01	1.979592e+01

Somatório
	2	4	1	0	1.428571e+00	0
	2	4	2	0	6.428571e+00	0
	2	4	3	-3	1.428571e+01	-4.285714e+01
	2	4	4	7	6.428571e+00	2.142857e+00
	2	4	5	-3	1.428571e+00	-2.142857e+00

Iteração
	2	4	4.714286e+01	6.428571e+00	1.316327e+01

Somatório
	2	5	1	0	1.428571e+00	0
	2	5	2	0	6.428571e+00	0
	2	5	3	0	1.428571e+01	0
	2	5	4	-3	6.428571e+00	-1.928571e+01
	2	5	5	7	1.428571e+00	-9.285714e+00

Iteração
	2	5	1.928571e+01	1.428571e+00	4.183673e+00

Somatório
	3	1	1	7	4.183673e+00	2.928571e+01
	3	1	2	-3	1.316327e+01	-1.020408e+01
	3	1	3	0	1.979592e+01	-1.020408e+01
	3	1	4	0	1.316327e+01	-1.020408e+01
	3	1	5	0	4.183673e+00	-1.020408e+01

Iteração
	3	1	2.020408e+01	4.183673e+00	7.069971e+00

Somatório
	3	2	1	-3	4.183673e+00	-1.255102e+01
	3	2	2	7	1.316327e+01	7.959184e+01
	3	2	3	-3	1.979592e+01	2.020408e+01
	3	2	4	0	1.316327e+01	2.020408e+01
	3	2	5	0	4.183673e+00	2.020408e+01

Iteração
	3	2	2.479592e+01	1.316327e+01	1.670554e+01

Somatório
	3	3	1	0	4.183673e+00	0
	3	3	2	-3	1.316327e+01	-3.948980e+01
	3	3	3	7	1.979592e+01	9.908163e+01
	3	3	4	-3	1.316327e+01	5.959184e+01
	3	3	5	0	4.183673e+00	5.959184e+01

Iteração
	3	3	4.040816e+01	1.979592e+01	2.556851e+01

Somatório
	3	4	1	0	4.183673e+00	0
	3	4	2	0	1.316327e+01	0
	3	4	3	-3	1.979592e+01	-5.938776e+01
	3	4	4	7	1.316327e+01	3.275510e+01
	3	4	5	-3	4.183673e+00	2.020408e+01

Iteração
	3	4	2.479592e+01	1.316327e+01	1.670554e+01

Somatório
	3	5	1	0	4.183673e+00	0
	3	5	2	0	1.316327e+01	0
	3	5	3	0	1.979592e+01	0
	3	5	4	-3	1.316327e+01	-3.948980e+01
	3	5	5	7	4.183673e+00	-1.020408e+01

Iteração
	3	5	2.020408e+01	4.183673e+00	7.069971e+00

Somatório
	4	1	1	7	7.069971e+00	4.948980e+01
	4	1	2	-3	1.670554e+01	-6.268222e-01
	4	1	3	0	2.556851e+01	-6.268222e-01
	4	1	4	0	1.670554e+01	-6.268222e-01
	4	1	5	0	7.069971e+00	-6.268222e-01

Iteração
	4	1	1.062682e+01	7.069971e+00	8.588088e+00

Somatório
	4	2	1	-3	7.069971e+00	-2.120991e+01
	4	2	2	7	1.670554e+01	9.572886e+01
	4	2	3	-3	2.556851e+01	1.902332e+01
	4	2	4	0	1.670554e+01	1.902332e+01
	4	2	5	0	7.069971e+00	1.902332e+01

Iteração
	4	2	2.597668e+01	1.670554e+01	2.041649e+01

Somatório
	4	3	1	0	7.069971e+00	0
	4	3	2	-3	1.670554e+01	-5.011662e+01
	4	3	3	7	2.556851e+01	1.288630e+02
	4	3	4	-3	1.670554e+01	7.874636e+01
	4	3	5	0	7.069971e+00	7.874636e+01

Iteração
	4	3	2.125364e+01	2.556851e+01	2.860475e+01

Somatório
	4	4	1	0	7.069971e+00	0
	4	4	2	0	1.670554e+01	0
	4	4	3	-3	2.556851e+01	-7.670554e+01
	4	4	4	7	1.670554e+01	4.023324e+01
	4	4	5	-3	7.069971e+00	1.902332e+01

Iteração
	4	4	2.597668e+01	1.670554e+01	2.041649e+01

Somatório
	4	5	1	0	7.069971e+00	0
	4	5	2	0	1.670554e+01	0
	4	5	3	0	2.556851e+01	0
	4	5	4	-3	1.670554e+01	-5.011662e+01
	4	5	5	7	7.069971e+00	-6.268222e-01

Iteração
	4	5	1.062682e+01	7.069971e+00	8.588088e+00

Somatório
	5	1	1	7	8.588088e+00	6.011662e+01
	5	1	2	-3	2.041649e+01	-1.132861e+00
	5	1	3	0	2.860475e+01	-1.132861e+00
	5	1	4	0	2.041649e+01	-1.132861e+00
	5	1	5	0	8.588088e+00	-1.132861e+00

Iteração
	5	1	1.113286e+01	8.588088e+00	1.017850e+01

Somatório
	5	2	1	-3	8.588088e+00	-2.576426e+01
	5	2	2	7	2.041649e+01	1.171512e+02
	5	2	3	-3	2.860475e+01	3.133694e+01
	5	2	4	0	2.041649e+01	3.133694e+01
	5	2	5	0	8.588088e+00	3.133694e+01

Iteração
	5	2	1.366306e+01	2.041649e+01	2.236836e+01

Somatório
	5	3	1	0	8.588088e+00	0
	5	3	2	-3	2.041649e+01	-6.124948e+01
	5	3	3	7	2.860475e+01	1.389838e+02
	5	3	4	-3	2.041649e+01	7.773428e+01
	5	3	5	0	8.588088e+00	7.773428e+01

Iteração
	5	3	2.226572e+01	2.860475e+01	3.178557e+01

Somatório
	5	4	1	0	8.588088e+00	0
	5	4	2	0	2.041649e+01	0
	5	4	3	-3	2.860475e+01	-8.581424e+01
	5	4	4	7	2.041649e+01	5.710121e+01
	5	4	5	-3	8.588088e+00	3.133694e+01

Iteração
	5	4	1.366306e+01	2.041649e+01	2.236836e+01

Somatório
	5	5	1	0	8.588088e+00	0
	5	5	2	0	2.041649e+01	0
	5	5	3	0	2.860475e+01	0
	5	5	4	-3	2.041649e+01	-6.124948e+01
	5	5	5	7	8.588088e+00	-1.132861e+00

Iteração
	5	5	1.113286e+01	8.588088e+00	1.017850e+01

Somatório
	6	1	1	7	1.017850e+01	7.124948e+01
	6	1	2	-3	2.236836e+01	4.144404e+00
	6	1	3	0	3.178557e+01	4.144404e+00
	6	1	4	0	2.236836e+01	4.144404e+00
	6	1	5	0	1.017850e+01	4.144404e+00

Iteração
	6	1	5.855596e+00	1.017850e+01	1.101501e+01

Somatório
	6	2	1	-3	1.017850e+01	-3.053549e+01
	6	2	2	7	2.236836e+01	1.260430e+02
	6	2	3	-3	3.178557e+01	3.068632e+01
	6	2	4	0	2.236836e+01	3.068632e+01
	6	2	5	0	1.017850e+01	3.068632e+01

Iteração
	6	2	1.431368e+01	2.236836e+01	2.441317e+01

Somatório
	6	3	1	0	1.017850e+01	0
	6	3	2	-3	2.236836e+01	-6.710508e+01
	6	3	3	7	3.178557e+01	1.553939e+02
	6	3	4	-3	2.236836e+01	8.828881e+01
	6	3	5	0	1.017850e+01	8.828881e+01

Iteração
	6	3	1.171119e+01	3.178557e+01	3.345859e+01

Somatório
	6	4	1	0	1.017850e+01	0
	6	4	2	0	2.236836e+01	0
	6	4	3	-3	3.178557e+01	-9.535670e+01
	6	4	4	7	2.236836e+01	6.122181e+01
	6	4	5	-3	1.017850e+01	3.068632e+01

Iteração
	6	4	1.431368e+01	2.236836e+01	2.441317e+01

Somatório
	6	5	1	0	1.017850e+01	0
	6	5	2	0	2.236836e+01	0
	6	5	3	0	3.178557e+01	0
	6	5	4	-3	2.236836e+01	-6.710508e+01
	6	5	5	7	1.017850e+01	4.144404e+00

Iteração
	6	5	5.855596e+00	1.017850e+01	1.101501e+01

Somatório
	7	1	1	7	1.101501e+01	7.710508e+01
	7	1	2	-3	2.441317e+01	3.865566e+00
	7	1	3	0	3.345859e+01	3.865566e+00
	7	1	4	0	2.441317e+01	3.865566e+00
	7	1	5	0	1.101501e+01	3.865566e+00

Iteração
	7	1	6.134434e+00	1.101501e+01	1.189136e+01

Somatório
	7	2	1	-3	1.101501e+01	-3.304503e+01
	7	2	2	7	2.441317e+01	1.378472e+02
	7	2	3	-3	3.345859e+01	3.747138e+01
	7	2	4	0	2.441317e+01	3.747138e+01
	7	2	5	0	1.101501e+01	3.747138e+01

Iteração
	7	2	7.528623e+00	2.441317e+01	2.548869e+01

Somatório
	7	3	1	0	1.101501e+01	0
	7	3	2	-3	2.441317e+01	-7.323951e+01
	7	3	3	7	3.345859e+01	1.609706e+02
	7	3	4	-3	2.441317e+01	8.773113e+01
	7	3	5	0	1.101501e+01	8.773113e+01

Iteração
	7	3	1.226887e+01	3.345859e+01	3.521129e+01

Somatório
	7	4	1	0	1.101501e+01	0
	7	4	2	0	2.441317e+01	0
	7	4	3	-3	3.345859e+01	-1.003758e+02
	7	4	4	7	2.441317e+01	7.051641e+01
	7	4	5	-3	1.101501e+01	3.747138e+01

Iteração
	7	4	7.528623e+00	2.441317e+01	2.548869e+01

Somatório
	7	5	1	0	1.101501e+01	0
	7	5	2	0	2.441317e+01	0
	7	5	3	0	3.345859e+01	0
	7	5	4	-3	2.441317e+01	-7.323951e+01
	7	5	5	7	1.101501e+01	3.865566e+00

Iteração
	7	5	6.134434e+00	1.101501e+01	1.189136e+01

Somatório
	8	1	1	7	1.189136e+01	8.323951e+01
	8	1	2	-3	2.548869e+01	6.773447e+00
	8	1	3	0	3.521129e+01	6.773447e+00
	8	1	4	0	2.548869e+01	6.773447e+00
	8	1	5	0	1.189136e+01	6.773447e+00

Iteração
	8	1	3.226553e+00	1.189136e+01	1.235229e+01

Somatório
	8	2	1	-3	1.189136e+01	-3.567408e+01
	8	2	2	7	2.548869e+01	1.427467e+02
	8	2	3	-3	3.521129e+01	3.711287e+01
	8	2	4	0	2.548869e+01	3.711287e+01
	8	2	5	0	1.189136e+01	3.711287e+01

Iteração
	8	2	7.887129e+00	2.548869e+01	2.661542e+01

Somatório
	8	3	1	0	1.189136e+01	0
	8	3	2	-3	2.548869e+01	-7.646606e+01
	8	3	3	7	3.521129e+01	1.700130e+02
	8	3	4	-3	2.548869e+01	9.354689e+01
	8	3	5	0	1.189136e+01	9.354689e+01

Iteração
	8	3	6.453106e+00	3.521129e+01	3.613316e+01

Somatório
	8	4	1	0	1.189136e+01	0
	8	4	2	0	2.548869e+01	0
	8	4	3	-3	3.521129e+01	-1.056339e+02
	8	4	4	7	2.548869e+01	7.278695e+01
	8	4	5	-3	1.189136e+01	3.711287e+01

Iteração
	8	4	7.887129e+00	2.548869e+01	2.661542e+01

Somatório
	8	5	1	0	1.189136e+01	0
	8	5	2	0	2.548869e+01	0
	8	5	3	0	3.521129e+01	0
	8	5	4	-3	2.548869e+01	-7.646606e+01
	8	5	5	7	1.189136e+01	6.773447e+00

Iteração
	8	5	3.226553e+00	1.189136e+01	1.235229e+01

Somatório
	9	1	1	7	1.235229e+01	8.646606e+01
	9	1	2	-3	2.661542e+01	6.619802e+00
	9	1	3	0	3.613316e+01	6.619802e+00
	9	1	4	0	2.661542e+01	6.619802e+00
	9	1	5	0	1.235229e+01	6.619802e+00

Iteração
	9	1	3.380198e+00	1.235229e+01	1.283518e+01

Somatório
	9	2	1	-3	1.235229e+01	-3.705688e+01
	9	2	2	7	2.661542e+01	1.492511e+02
	9	2	3	-3	3.613316e+01	4.085157e+01
	9	2	4	0	2.661542e+01	4.085157e+01
	9	2	5	0	1.235229e+01	4.085157e+01

Iteração
	9	2	4.148425e+00	2.661542e+01	2.720805e+01

Somatório
	9	3	1	0	1.235229e+01	0
	9	3	2	-3	2.661542e+01	-7.984626e+01
	9	3	3	7	3.613316e+01	1.730859e+02
	9	3	4	-3	2.661542e+01	9.323960e+01
	9	3	5	0	1.235229e+01	9.323960e+01

Iteração
	9	3	6.760396e+00	3.613316e+01	3.709893e+01

Somatório
	9	4	1	0	1.235229e+01	0
	9	4	2	0	2.661542e+01	0
	9	4	3	-3	3.613316e+01	-1.083995e+02
	9	4	4	7	2.661542e+01	7.790846e+01
	9	4	5	-3	1.235229e+01	4.085157e+01

Iteração
	9	4	4.148425e+00	2.661542e+01	2.720805e+01

Somatório
	9	5	1	0	1.235229e+01	0
	9	5	2	0	2.661542e+01	0
	9	5	3	0	3.613316e+01	0
	9	5	4	-3	2.661542e+01	-7.984626e+01
	9	5	5	7	1.235229e+01	6.619802e+00

Iteração
	9	5	3.380198e+00	1.235229e+01	1.283518e+01

Somatório
	10	1	1	7	1.283518e+01	8.984626e+01
	10	1	2	-3	2.720805e+01	8.222104e+00
	10	1	3	0	3.709893e+01	8.222104e+00
	10	1	4	0	2.720805e+01	8.222104e+00
	10	1	5	0	1.283518e+01	8.222104e+00

Iteração
	10	1	1.777896e+00	1.283518e+01	1.308917e+01

Somatório
	10	2	1	-3	1.283518e+01	-3.850554e+01
	10	2	2	7	2.720805e+01	1.519508e+02
	10	2	3	-3	3.709893e+01	4.065403e+01
	10	2	4	0	2.720805e+01	4.065403e+01
	10	2	5	0	1.283518e+01	4.065403e+01

Iteração
	10	2	4.345969e+00	2.720805e+01	2.782890e+01

Somatório
	10	3	1	0	1.283518e+01	0
	10	3	2	-3	2.720805e+01	-8.162416e+01
	10	3	3	7	3.709893e+01	1.780684e+02
	10	3	4	-3	2.720805e+01	9.644421e+01
	10	3	5	0	1.283518e+01	9.644421e+01

Iteração
	10	3	3.555793e+00	3.709893e+01	3.760690e+01

Somatório
	10	4	1	0	1.283518e+01	0
	10	4	2	0	2.720805e+01	0
	10	4	3	-3	3.709893e+01	-1.112968e+02
	10	4	4	7	2.720805e+01	7.915957e+01
	10	4	5	-3	1.283518e+01	4.065403e+01

Iteração
	10	4	4.345969e+00	2.720805e+01	2.782890e+01

Somatório
	10	5	1	0	1.283518e+01	0
	10	5	2	0	2.720805e+01	0
	10	5	3	0	3.709893e+01	0
	10	5	4	-3	2.720805e+01	-8.162416e+01
	10	5	5	7	1.283518e+01	8.222104e+00

Iteração
	10	5	1.777896e+00	1.283518e+01	1.308917e+01

Somatório
	11	1	1	7	1.308917e+01	9.162416e+01
	11	1	2	-3	2.782890e+01	8.137442e+00
	11	1	3	0	3.760690e+01	8.137442e+00
	11	1	4	0	2.782890e+01	8.137442e+00
	11	1	5	0	1.308917e+01	8.137442e+00

Iteração
	11	1	1.862558e+00	1.308917e+01	1.335524e+01

Somatório
	11	2	1	-3	1.308917e+01	-3.926750e+01
	11	2	2	7	2.782890e+01	1.555348e+02
	11	2	3	-3	3.760690e+01	4.271413e+01
	11	2	4	0	2.782890e+01	4.271413e+01
	11	2	5	0	1.308917e+01	4.271413e+01

Iteração
	11	2	2.285867e+00	2.782890e+01	2.815546e+01

Somatório
	11	3	1	0	1.308917e+01	0
	11	3	2	-3	2.782890e+01	-8.348671e+01
	11	3	3	7	3.760690e+01	1.797616e+02
	11	3	4	-3	2.782890e+01	9.627488e+01
	11	3	5	0	1.308917e+01	9.627488e+01

Iteração
	11	3	3.725116e+00	3.760690e+01	3.813906e+01

Somatório
	11	4	1	0	1.308917e+01	0
	11	4	2	0	2.782890e+01	0
	11	4	3	-3	3.760690e+01	-1.128207e+02
	11	4	4	7	2.782890e+01	8.198163e+01
	11	4	5	-3	1.308917e+01	4.271413e+01

Iteração
	11	4	2.285867e+00	2.782890e+01	2.815546e+01

Somatório
	11	5	1	0	1.308917e+01	0
	11	5	2	0	2.782890e+01	0
	11	5	3	0	3.760690e+01	0
	11	5	4	-3	2.782890e+01	-8.348671e+01
	11	5	5	7	1.308917e+01	8.137442e+00

Iteração
	11	5	1.862558e+00	1.308917e+01	1.335524e+01

Somatório
	12	1	1	7	1.335524e+01	9.348671e+01
	12	1	2	-3	2.815546e+01	9.020343e+00
	12	1	3	0	3.813906e+01	9.020343e+00
	12	1	4	0	2.815546e+01	9.020343e+00
	12	1	5	0	1.335524e+01	9.020343e+00

Iteração
	12	1	9.796572e-01	1.335524e+01	1.349520e+01

Somatório
	12	2	1	-3	1.335524e+01	-4.006573e+01
	12	2	2	7	2.815546e+01	1.570225e+02
	12	2	3	-3	3.813906e+01	4.260528e+01
	12	2	4	0	2.815546e+01	4.260528e+01
	12	2	5	0	1.335524e+01	4.260528e+01

Iteração
	12	2	2.394718e+00	2.815546e+01	2.849756e+01

Somatório
	12	3	1	0	1.335524e+01	0
	12	3	2	-3	2.815546e+01	-8.446637e+01
	12	3	3	7	3.813906e+01	1.825071e+02
	12	3	4	-3	2.815546e+01	9.804069e+01
	12	3	5	0	1.335524e+01	9.804069e+01

Iteração
	12	3	1.959314e+00	3.813906e+01	3.841896e+01

Somatório
	12	4	1	0	1.335524e+01	0
	12	4	2	0	2.815546e+01	0
	12	4	3	-3	3.813906e+01	-1.144172e+02
	12	4	4	7	2.815546e+01	8.267102e+01
	12	4	5	-3	1.335524e+01	4.260528e+01

Iteração
	12	4	2.394718e+00	2.815546e+01	2.849756e+01

Somatório
	12	5	1	0	1.335524e+01	0
	12	5	2	0	2.815546e+01	0
	12	5	3	0	3.813906e+01	0
	12	5	4	-3	2.815546e+01	-8.446637e+01
	12	5	5	7	1.335524e+01	9.020343e+00

Iteração
	12	5	9.796572e-01	1.335524e+01	1.349520e+01

Somatório
	13	1	1	7	1.349520e+01	9.446637e+01
	13	1	2	-3	2.849756e+01	8.973692e+00
	13	1	3	0	3.841896e+01	8.973692e+00
	13	1	4	0	2.849756e+01	8.973692e+00
	13	1	5	0	1.349520e+01	8.973692e+00

Iteração
	13	1	1.026308e+00	1.349520e+01	1.364181e+01

Somatório
	13	2	1	-3	1.349520e+01	-4.048559e+01
	13	2	2	7	2.849756e+01	1.589973e+02
	13	2	3	-3	3.841896e+01	4.374044e+01
	13	2	4	0	2.849756e+01	4.374044e+01
	13	2	5	0	1.349520e+01	4.374044e+01

Iteração
	13	2	1.259559e+00	2.849756e+01	2.867750e+01

Somatório
	13	3	1	0	1.349520e+01	0
	13	3	2	-3	2.849756e+01	-8.549268e+01
	13	3	3	7	3.841896e+01	1.834401e+02
	13	3	4	-3	2.849756e+01	9.794738e+01
	13	3	5	0	1.349520e+01	9.794738e+01

Iteração
	13	3	2.052615e+00	3.841896e+01	3.871219e+01

Somatório
	13	4	1	0	1.349520e+01	0
	13	4	2	0	2.849756e+01	0
	13	4	3	-3	3.841896e+01	-1.152569e+02
	13	4	4	7	2.849756e+01	8.422603e+01
	13	4	5	-3	1.349520e+01	4.374044e+01

Iteração
	13	4	1.259559e+00	2.849756e+01	2.867750e+01

Somatório
	13	5	1	0	1.349520e+01	0
	13	5	2	0	2.849756e+01	0
	13	5	3	0	3.841896e+01	0
	13	5	4	-3	2.849756e+01	-8.549268e+01
	13	5	5	7	1.349520e+01	8.973692e+00

Iteração
	13	5	1.026308e+00	1.349520e+01	1.364181e+01

Somatório
	14	1	1	7	1.364181e+01	9.549268e+01
	14	1	2	-3	2.867750e+01	9.460189e+00
	14	1	3	0	3.871219e+01	9.460189e+00
	14	1	4	0	2.867750e+01	9.460189e+00
	14	1	5	0	1.364181e+01	9.460189e+00

Iteração
	14	1	5.398111e-01	1.364181e+01	1.371893e+01

Somatório
	14	2	1	-3	1.364181e+01	-4.092543e+01
	14	2	2	7	2.867750e+01	1.598170e+02
	14	2	3	-3	3.871219e+01	4.368046e+01
	14	2	4	0	2.867750e+01	4.368046e+01
	14	2	5	0	1.364181e+01	4.368046e+01

Iteração
	14	2	1.319538e+00	2.867750e+01	2.886600e+01

Somatório
	14	3	1	0	1.364181e+01	0
	14	3	2	-3	2.867750e+01	-8.603249e+01
	14	3	3	7	3.871219e+01	1.849529e+02
	14	3	4	-3	2.867750e+01	9.892038e+01
	14	3	5	0	1.364181e+01	9.892038e+01

Iteração
	14	3	1.079622e+00	3.871219e+01	3.886643e+01

Somatório
	14	4	1	0	1.364181e+01	0
	14	4	2	0	2.867750e+01	0
	14	4	3	-3	3.871219e+01	-1.161366e+02
	14	4	4	7	2.867750e+01	8.460590e+01
	14	4	5	-3	1.364181e+01	4.368046e+01

Iteração
	14	4	1.319538e+00	2.867750e+01	2.886600e+01

Somatório
	14	5	1	0	1.364181e+01	0
	14	5	2	0	2.867750e+01	0
	14	5	3	0	3.871219e+01	0
	14	5	4	-3	2.867750e+01	-8.603249e+01
	14	5	5	7	1.364181e+01	9.460189e+00

Iteração
	14	5	5.398111e-01	1.364181e+01	1.371893e+01

Somatório
	15	1	1	7	1.371893e+01	9.603249e+01
	15	1	2	-3	2.886600e+01	9.434484e+00
	15	1	3	0	3.886643e+01	9.434484e+00
	15	1	4	0	2.886600e+01	9.434484e+00
	15	1	5	0	1.371893e+01	9.434484e+00

Iteração
	15	1	5.655164e-01	1.371893e+01	1.379972e+01

Somatório
	15	2	1	-3	1.371893e+01	-4.115678e+01
	15	2	2	7	2.886600e+01	1.609052e+02
	15	2	3	-3	3.886643e+01	4.430596e+01
	15	2	4	0	2.886600e+01	4.430596e+01
	15	2	5	0	1.371893e+01	4.430596e+01

Iteração
	15	2	6.940429e-01	2.886600e+01	2.896515e+01

Somatório
	15	3	1	0	1.371893e+01	0
	15	3	2	-3	2.886600e+01	-8.659801e+01
	15	3	3	7	3.886643e+01	1.854670e+02
	15	3	4	-3	2.886600e+01	9.886897e+01
	15	3	5	0	1.371893e+01	9.886897e+01

Iteração
	15	3	1.131033e+00	3.886643e+01	3.902800e+01

Somatório
	15	4	1	0	1.371893e+01	0
	15	4	2	0	2.886600e+01	0
	15	4	3	-3	3.886643e+01	-1.165993e+02
	15	4	4	7	2.886600e+01	8.546274e+01
	15	4	5	-3	1.371893e+01	4.430596e+01

Iteração
	15	4	6.940429e-01	2.886600e+01	2.896515e+01

Somatório
	15	5	1	0	1.371893e+01	0
	15	5	2	0	2.886600e+01	0
	15	5	3	0	3.886643e+01	0
	15	5	4	-3	2.886600e+01	-8.659801e+01
	15	5	5	7	1.371893e+01	9.434484e+00

Iteração
	15	5	5.655164e-01	1.371893e+01	1.379972e+01

Somatório
	16	1	1	7	1.379972e+01	9.659801e+01
	16	1	2	-3	2.896515e+01	9.702553e+00
	16	1	3	0	3.902800e+01	9.702553e+00
	16	1	4	0	2.896515e+01	9.702553e+00
	16	1	5	0	1.379972e+01	9.702553e+00

Iteração
	16	1	2.974469e-01	1.379972e+01	1.384221e+01

Somatório
	16	2	1	-3	1.379972e+01	-4.139915e+01
	16	2	2	7	2.896515e+01	1.613569e+02
	16	2	3	-3	3.902800e+01	4.427291e+01
	16	2	4	0	2.896515e+01	4.427291e+01
	16	2	5	0	1.379972e+01	4.427291e+01

Iteração
	16	2	7.270925e-01	2.896515e+01	2.906902e+01

Somatório
	16	3	1	0	1.379972e+01	0
	16	3	2	-3	2.896515e+01	-8.689545e+01
	16	3	3	7	3.902800e+01	1.863006e+02
	16	3	4	-3	2.896515e+01	9.940511e+01
	16	3	5	0	1.379972e+01	9.940511e+01

Iteração
	16	3	5.948939e-01	3.902800e+01	3.911299e+01

Somatório
	16	4	1	0	1.379972e+01	0
	16	4	2	0	2.896515e+01	0
	16	4	3	-3	3.902800e+01	-1.170840e+02
	16	4	4	7	2.896515e+01	8.567205e+01
	16	4	5	-3	1.379972e+01	4.427291e+01

Iteração
	16	4	7.270925e-01	2.896515e+01	2.906902e+01

Somatório
	16	5	1	0	1.379972e+01	0
	16	5	2	0	2.896515e+01	0
	16	5	3	0	3.902800e+01	0
	16	5	4	-3	2.896515e+01	-8.689545e+01
	16	5	5	7	1.379972e+01	9.702553e+00

Iteração
	16	5	2.974469e-01	1.379972e+01	1.384221e+01

Somatório
	17	1	1	7	1.384221e+01	9.689545e+01
	17	1	2	-3	2.906902e+01	9.688389e+00
	17	1	3	0	3.911299e+01	9.688389e+00
	17	1	4	0	2.906902e+01	9.688389e+00
	17	1	5	0	1.384221e+01	9.688389e+00

Iteração
	17	1	3.116111e-01	1.384221e+01	1.388672e+01

Somatório
	17	2	1	-3	1.384221e+01	-4.152662e+01
	17	2	2	7	2.906902e+01	1.619565e+02
	17	2	3	-3	3.911299e+01	4.461757e+01
	17	2	4	0	2.906902e+01	4.461757e+01
	17	2	5	0	1.384221e+01	4.461757e+01

Iteração
	17	2	3.824318e-01	2.906902e+01	2.912365e+01

Somatório
	17	3	1	0	1.384221e+01	0
	17	3	2	-3	2.906902e+01	-8.720707e+01
	17	3	3	7	3.911299e+01	1.865838e+02
	17	3	4	-3	2.906902e+01	9.937678e+01
	17	3	5	0	1.384221e+01	9.937678e+01

Iteração
	17	3	6.232222e-01	3.911299e+01	3.920202e+01

Somatório
	17	4	1	0	1.384221e+01	0
	17	4	2	0	2.906902e+01	0
	17	4	3	-3	3.911299e+01	-1.173390e+02
	17	4	4	7	2.906902e+01	8.614419e+01
	17	4	5	-3	1.384221e+01	4.461757e+01

Iteração
	17	4	3.824318e-01	2.906902e+01	2.912365e+01

Somatório
	17	5	1	0	1.384221e+01	0
	17	5	2	0	2.906902e+01	0
	17	5	3	0	3.911299e+01	0
	17	5	4	-3	2.906902e+01	-8.720707e+01
	17	5	5	7	1.384221e+01	9.688389e+00

Iteração
	17	5	3.116111e-01	1.384221e+01	1.388672e+01

Somatório
	18	1	1	7	1.388672e+01	9.720707e+01
	18	1	2	-3	2.912365e+01	9.836101e+00
	18	1	3	0	3.920202e+01	9.836101e+00
	18	1	4	0	2.912365e+01	9.836101e+00
	18	1	5	0	1.388672e+01	9.836101e+00

Iteração
	18	1	1.638993e-01	1.388672e+01	1.391014e+01

Somatório
	18	2	1	-3	1.388672e+01	-4.166017e+01
	18	2	2	7	2.912365e+01	1.622054e+02
	18	2	3	-3	3.920202e+01	4.459936e+01
	18	2	4	0	2.912365e+01	4.459936e+01
	18	2	5	0	1.388672e+01	4.459936e+01

Iteração
	18	2	4.006428e-01	2.912365e+01	2.918089e+01

Somatório
	18	3	1	0	1.388672e+01	0
	18	3	2	-3	2.912365e+01	-8.737096e+01
	18	3	3	7	3.920202e+01	1.870432e+02
	18	3	4	-3	2.912365e+01	9.967220e+01
	18	3	5	0	1.388672e+01	9.967220e+01

Iteração
	18	3	3.277987e-01	3.920202e+01	3.924885e+01

Somatório
	18	4	1	0	1.388672e+01	0
	18	4	2	0	2.912365e+01	0
	18	4	3	-3	3.920202e+01	-1.176061e+02
	18	4	4	7	2.912365e+01	8.625953e+01
	18	4	5	-3	1.388672e+01	4.459936e+01

Iteração
	18	4	4.006428e-01	2.912365e+01	2.918089e+01

Somatório
	18	5	1	0	1.388672e+01	0
	18	5	2	0	2.912365e+01	0
	18	5	3	0	3.920202e+01	0
	18	5	4	-3	2.912365e+01	-8.737096e+01
	18	5	5	7	1.388672e+01	9.836101e+00

Iteração
	18	5	1.638993e-01	1.388672e+01	1.391014e+01

Somatório
	19	1	1	7	1.391014e+01	9.737096e+01
	19	1	2	-3	2.918089e+01	9.828296e+00
	19	1	3	0	3.924885e+01	9.828296e+00
	19	1	4	0	2.918089e+01	9.828296e+00
	19	1	5	0	1.391014e+01	9.828296e+00

Iteração
	19	1	1.717041e-01	1.391014e+01	1.393467e+01

Somatório
	19	2	1	-3	1.391014e+01	-4.173041e+01
	19	2	2	7	2.918089e+01	1.625358e+02
	19	2	3	-3	3.924885e+01	4.478927e+01
	19	2	4	0	2.918089e+01	4.478927e+01
	19	2	5	0	1.391014e+01	4.478927e+01

Iteração
	19	2	2.107277e-01	2.918089e+01	2.921099e+01

Somatório
	19	3	1	0	1.391014e+01	0
	19	3	2	-3	2.918089e+01	-8.754267e+01
	19	3	3	7	3.924885e+01	1.871993e+02
	19	3	4	-3	2.918089e+01	9.965659e+01
	19	3	5	0	1.391014e+01	9.965659e+01

Iteração
	19	3	3.434081e-01	3.924885e+01	3.929791e+01

Somatório
	19	4	1	0	1.391014e+01	0
	19	4	2	0	2.918089e+01	0
	19	4	3	-3	3.924885e+01	-1.177465e+02
	19	4	4	7	2.918089e+01	8.651969e+01
	19	4	5	-3	1.391014e+01	4.478927e+01

Iteração
	19	4	2.107277e-01	2.918089e+01	2.921099e+01

Somatório
	19	5	1	0	1.391014e+01	0
	19	5	2	0	2.918089e+01	0
	19	5	3	0	3.924885e+01	0
	19	5	4	-3	2.918089e+01	-8.754267e+01
	19	5	5	7	1.391014e+01	9.828296e+00

Iteração
	19	5	1.717041e-01	1.391014e+01	1.393467e+01

Somatório
	20	1	1	7	1.393467e+01	9.754267e+01
	20	1	2	-3	2.921099e+01	9.909688e+00
	20	1	3	0	3.929791e+01	9.909688e+00
	20	1	4	0	2.921099e+01	9.909688e+00
	20	1	5	0	1.393467e+01	9.909688e+00

Iteração
	20	1	9.031188e-02	1.393467e+01	1.394757e+01

Somatório
	20	2	1	-3	1.393467e+01	-4.180400e+01
	20	2	2	7	2.921099e+01	1.626730e+02
	20	2	3	-3	3.929791e+01	4.477924e+01
	20	2	4	0	2.921099e+01	4.477924e+01
	20	2	5	0	1.393467e+01	4.477924e+01

Iteração
	20	2	2.207624e-01	2.921099e+01	2.924253e+01

Somatório
	20	3	1	0	1.393467e+01	0
	20	3	2	-3	2.921099e+01	-8.763298e+01
	20	3	3	7	3.929791e+01	1.874524e+02
	20	3	4	-3	2.921099e+01	9.981938e+01
	20	3	5	0	1.393467e+01	9.981938e+01

Iteração
	20	3	1.806238e-01	3.929791e+01	3.932371e+01

Somatório
	20	4	1	0	1.393467e+01	0
	20	4	2	0	2.921099e+01	0
	20	4	3	-3	3.929791e+01	-1.178937e+02
	20	4	4	7	2.921099e+01	8.658324e+01
	20	4	5	-3	1.393467e+01	4.477924e+01

Iteração
	20	4	2.207624e-01	2.921099e+01	2.924253e+01

Somatório
	20	5	1	0	1.393467e+01	0
	20	5	2	0	2.921099e+01	0
	20	5	3	0	3.929791e+01	0
	20	5	4	-3	2.921099e+01	-8.763298e+01
	20	5	5	7	1.393467e+01	9.909688e+00

Iteração
	20	5	9.031188e-02	1.393467e+01	1.394757e+01

Somatório
	21	1	1	7	1.394757e+01	9.763298e+01
	21	1	2	-3	2.924253e+01	9.905388e+00
	21	1	3	0	3.932371e+01	9.905388e+00
	21	1	4	0	2.924253e+01	9.905388e+00
	21	1	5	0	1.394757e+01	9.905388e+00

Iteração
	21	1	9.461245e-02	1.394757e+01	1.396108e+01

Somatório
	21	2	1	-3	1.394757e+01	-4.184271e+01
	21	2	2	7	2.924253e+01	1.628550e+02
	21	2	3	-3	3.932371e+01	4.488388e+01
	21	2	4	0	2.924253e+01	4.488388e+01
	21	2	5	0	1.394757e+01	4.488388e+01

Iteração
	21	2	1.161153e-01	2.924253e+01	2.925912e+01

Somatório
	21	3	1	0	1.394757e+01	0
	21	3	2	-3	2.924253e+01	-8.772759e+01
	21	3	3	7	3.932371e+01	1.875384e+02
	21	3	4	-3	2.924253e+01	9.981078e+01
	21	3	5	0	1.394757e+01	9.981078e+01

Iteração
	21	3	1.892249e-01	3.932371e+01	3.935074e+01

Somatório
	21	4	1	0	1.394757e+01	0
	21	4	2	0	2.924253e+01	0
	21	4	3	-3	3.932371e+01	-1.179711e+02
	21	4	4	7	2.924253e+01	8.672659e+01
	21	4	5	-3	1.394757e+01	4.488388e+01

Iteração
	21	4	1.161153e-01	2.924253e+01	2.925912e+01

Somatório
	21	5	1	0	1.394757e+01	0
	21	5	2	0	2.924253e+01	0
	21	5	3	0	3.932371e+01	0
	21	5	4	-3	2.924253e+01	-8.772759e+01
	21	5	5	7	1.394757e+01	9.905388e+00

Iteração
	21	5	9.461245e-02	1.394757e+01	1.396108e+01

Somatório
	22	1	1	7	1.396108e+01	9.772759e+01
	22	1	2	-3	2.925912e+01	9.950236e+00
	22	1	3	0	3.935074e+01	9.950236e+00
	22	1	4	0	2.925912e+01	9.950236e+00
	22	1	5	0	1.396108e+01	9.950236e+00

Iteração
	22	1	4.976369e-02	1.396108e+01	1.396819e+01

Somatório
	22	2	1	-3	1.396108e+01	-4.188325e+01
	22	2	2	7	2.925912e+01	1.629306e+02
	22	2	3	-3	3.935074e+01	4.487836e+01
	22	2	4	0	2.925912e+01	4.487836e+01
	22	2	5	0	1.396108e+01	4.487836e+01

Iteração
	22	2	1.216446e-01	2.925912e+01	2.927650e+01

Somatório
	22	3	1	0	1.396108e+01	0
	22	3	2	-3	2.925912e+01	-8.777736e+01
	22	3	3	7	3.935074e+01	1.876778e+02
	22	3	4	-3	2.925912e+01	9.990047e+01
	22	3	5	0	1.396108e+01	9.990047e+01

Iteração
	22	3	9.952738e-02	3.935074e+01	3.936496e+01

Somatório
	22	4	1	0	1.396108e+01	0
	22	4	2	0	2.925912e+01	0
	22	4	3	-3	3.935074e+01	-1.180522e+02
	22	4	4	7	2.925912e+01	8.676161e+01
	22	4	5	-3	1.396108e+01	4.487836e+01

Iteração
	22	4	1.216446e-01	2.925912e+01	2.927650e+01

Somatório
	22	5	1	0	1.396108e+01	0
	22	5	2	0	2.925912e+01	0
	22	5	3	0	3.935074e+01	0
	22	5	4	-3	2.925912e+01	-8.777736e+01
	22	5	5	7	1.396108e+01	9.950236e+00

Iteração
	22	5	4.976369e-02	1.396108e+01	1.396819e+01

Somatório
	23	1	1	7	1.396819e+01	9.777736e+01
	23	1	2	-3	2.927650e+01	9.947867e+00
	23	1	3	0	3.936496e+01	9.947867e+00
	23	1	4	0	2.927650e+01	9.947867e+00
	23	1	5	0	1.396819e+01	9.947867e+00

Iteração
	23	1	5.213339e-02	1.396819e+01	1.397564e+01

Somatório
	23	2	1	-3	1.396819e+01	-4.190458e+01
	23	2	2	7	2.927650e+01	1.630309e+02
	23	2	3	-3	3.936496e+01	4.493602e+01
	23	2	4	0	2.927650e+01	4.493602e+01
	23	2	5	0	1.396819e+01	4.493602e+01

Iteração
	23	2	6.398189e-02	2.927650e+01	2.928564e+01

Somatório
	23	3	1	0	1.396819e+01	0
	23	3	2	-3	2.927650e+01	-8.782949e+01
	23	3	3	7	3.936496e+01	1.877252e+02
	23	3	4	-3	2.927650e+01	9.989573e+01
	23	3	5	0	1.396819e+01	9.989573e+01

Iteração
	23	3	1.042668e-01	3.936496e+01	3.937985e+01

Somatório
	23	4	1	0	1.396819e+01	0
	23	4	2	0	2.927650e+01	0
	23	4	3	-3	3.936496e+01	-1.180949e+02
	23	4	4	7	2.927650e+01	8.684060e+01
	23	4	5	-3	1.396819e+01	4.493602e+01

Iteração
	23	4	6.398189e-02	2.927650e+01	2.928564e+01

Somatório
	23	5	1	0	1.396819e+01	0
	23	5	2	0	2.927650e+01	0
	23	5	3	0	3.936496e+01	0
	23	5	4	-3	2.927650e+01	-8.782949e+01
	23	5	5	7	1.396819e+01	9.947867e+00

Iteração
	23	5	5.213339e-02	1.396819e+01	1.397564e+01

Somatório
	24	1	1	7	1.397564e+01	9.782949e+01
	24	1	2	-3	2.928564e+01	9.972579e+00
	24	1	3	0	3.937985e+01	9.972579e+00
	24	1	4	0	2.928564e+01	9.972579e+00
	24	1	5	0	1.397564e+01	9.972579e+00

Iteração
	24	1	2.742081e-02	1.397564e+01	1.397956e+01

Somatório
	24	2	1	-3	1.397564e+01	-4.192692e+01
	24	2	2	7	2.928564e+01	1.630725e+02
	24	2	3	-3	3.937985e+01	4.493297e+01
	24	2	4	0	2.928564e+01	4.493297e+01
	24	2	5	0	1.397564e+01	4.493297e+01

Iteração
	24	2	6.702864e-02	2.928564e+01	2.929521e+01

Somatório
	24	3	1	0	1.397564e+01	0
	24	3	2	-3	2.928564e+01	-8.785691e+01
	24	3	3	7	3.937985e+01	1.878021e+02
	24	3	4	-3	2.928564e+01	9.994516e+01
	24	3	5	0	1.397564e+01	9.994516e+01

Iteração
	24	3	5.484162e-02	3.937985e+01	3.938769e+01

Somatório
	24	4	1	0	1.397564e+01	0
	24	4	2	0	2.928564e+01	0
	24	4	3	-3	3.937985e+01	-1.181396e+02
	24	4	4	7	2.928564e+01	8.685990e+01
	24	4	5	-3	1.397564e+01	4.493297e+01

Iteração
	24	4	6.702864e-02	2.928564e+01	2.929521e+01

Somatório
	24	5	1	0	1.397564e+01	0
	24	5	2	0	2.928564e+01	0
	24	5	3	0	3.937985e+01	0
	24	5	4	-3	2.928564e+01	-8.785691e+01
	24	5	5	7	1.397564e+01	9.972579e+00

Iteração
	24	5	2.742081e-02	1.397564e+01	1.397956e+01

Somatório
	25	1	1	7	1.397956e+01	9.785691e+01
	25	1	2	-3	2.929521e+01	9.971273e+00
	25	1	3	0	3.938769e+01	9.971273e+00
	25	1	4	0	2.929521e+01	9.971273e+00
	25	1	5	0	1.397956e+01	9.971273e+00

Iteração
	25	1	2.872656e-02	1.397956e+01	1.398366e+01

Somatório
	25	2	1	-3	1.397956e+01	-4.193868e+01
	25	2	2	7	2.929521e+01	1.631278e+02
	25	2	3	-3	3.938769e+01	4.496474e+01
	25	2	4	0	2.929521e+01	4.496474e+01
	25	2	5	0	1.397956e+01	4.496474e+01

Iteração
	25	2	3.525533e-02	2.929521e+01	2.930025e+01

Somatório
	25	3	1	0	1.397956e+01	0
	25	3	2	-3	2.929521e+01	-8.788564e+01
	25	3	3	7	3.938769e+01	1.878282e+02
	25	3	4	-3	2.929521e+01	9.994255e+01
	25	3	5	0	1.397956e+01	9.994255e+01

Iteração
	25	3	5.745312e-02	3.938769e+01	3.939590e+01

Somatório
	25	4	1	0	1.397956e+01	0
	25	4	2	0	2.929521e+01	0
	25	4	3	-3	3.938769e+01	-1.181631e+02
	25	4	4	7	2.929521e+01	8.690342e+01
	25	4	5	-3	1.397956e+01	4.496474e+01

Iteração
	25	4	3.525533e-02	2.929521e+01	2.930025e+01

Somatório
	25	5	1	0	1.397956e+01	0
	25	5	2	0	2.929521e+01	0
	25	5	3	0	3.938769e+01	0
	25	5	4	-3	2.929521e+01	-8.788564e+01
	25	5	5	7	1.397956e+01	9.971273e+00

Iteração
	25	5	2.872656e-02	1.397956e+01	1.398366e+01

Somatório
	26	1	1	7	1.398366e+01	9.788564e+01
	26	1	2	-3	2.930025e+01	9.984891e+00
	26	1	3	0	3.939590e+01	9.984891e+00
	26	1	4	0	2.930025e+01	9.984891e+00
	26	1	5	0	1.398366e+01	9.984891e+00

Iteração
	26	1	1.510943e-02	1.398366e+01	1.398582e+01

Somatório
	26	2	1	-3	1.398366e+01	-4.195099e+01
	26	2	2	7	2.930025e+01	1.631508e+02
	26	2	3	-3	3.939590e+01	4.496307e+01
	26	2	4	0	2.930025e+01	4.496307e+01
	26	2	5	0	1.398366e+01	4.496307e+01

Iteração
	26	2	3.693415e-02	2.930025e+01	2.930553e+01

Somatório
	26	3	1	0	1.398366e+01	0
	26	3	2	-3	2.930025e+01	-8.790075e+01
	26	3	3	7	3.939590e+01	1.878705e+02
	26	3	4	-3	2.930025e+01	9.996978e+01
	26	3	5	0	1.398366e+01	9.996978e+01

Iteração
	26	3	3.021885e-02	3.939590e+01	3.940021e+01

Somatório
	26	4	1	0	1.398366e+01	0
	26	4	2	0	2.930025e+01	0
	26	4	3	-3	3.939590e+01	-1.181877e+02
	26	4	4	7	2.930025e+01	8.691405e+01
	26	4	5	-3	1.398366e+01	4.496307e+01

Iteração
	26	4	3.693415e-02	2.930025e+01	2.930553e+01

Somatório
	26	5	1	0	1.398366e+01	0
	26	5	2	0	2.930025e+01	0
	26	5	3	0	3.939590e+01	0
	26	5	4	-3	2.930025e+01	-8.790075e+01
	26	5	5	7	1.398366e+01	9.984891e+00

Iteração
	26	5	1.510943e-02	1.398366e+01	1.398582e+01

Somatório
	27	1	1	7	1.398582e+01	9.790075e+01
	27	1	2	-3	2.930553e+01	9.984171e+00
	27	1	3	0	3.940021e+01	9.984171e+00
	27	1	4	0	2.930553e+01	9.984171e+00
	27	1	5	0	1.398582e+01	9.984171e+00

Iteração
	27	1	1.582892e-02	1.398582e+01	1.398808e+01

Somatório
	27	2	1	-3	1.398582e+01	-4.195746e+01
	27	2	2	7	2.930553e+01	1.631812e+02
	27	2	3	-3	3.940021e+01	4.498057e+01
	27	2	4	0	2.930553e+01	4.498057e+01
	27	2	5	0	1.398582e+01	4.498057e+01

Iteração
	27	2	1.942640e-02	2.930553e+01	2.930830e+01

Somatório
	27	3	1	0	1.398582e+01	0
	27	3	2	-3	2.930553e+01	-8.791658e+01
	27	3	3	7	3.940021e+01	1.878849e+02
	27	3	4	-3	2.930553e+01	9.996834e+01
	27	3	5	0	1.398582e+01	9.996834e+01

Iteração
	27	3	3.165784e-02	3.940021e+01	3.940474e+01

Somatório
	27	4	1	0	1.398582e+01	0
	27	4	2	0	2.930553e+01	0
	27	4	3	-3	3.940021e+01	-1.182006e+02
	27	4	4	7	2.930553e+01	8.693804e+01
	27	4	5	-3	1.398582e+01	4.498057e+01

Iteração
	27	4	1.942640e-02	2.930553e+01	2.930830e+01

Somatório
	27	5	1	0	1.398582e+01	0
	27	5	2	0	2.930553e+01	0
	27	5	3	0	3.940021e+01	0
	27	5	4	-3	2.930553e+01	-8.791658e+01
	27	5	5	7	1.398582e+01	9.984171e+00

Iteração
	27	5	1.582892e-02	1.398582e+01	1.398808e+01

Somatório
	28	1	1	7	1.398808e+01	9.791658e+01
	28	1	2	-3	2.930830e+01	9.991674e+00
	28	1	3	0	3.940474e+01	9.991674e+00
	28	1	4	0	2.930830e+01	9.991674e+00
	28	1	5	0	1.398808e+01	9.991674e+00

Iteração
	28	1	8.325602e-03	1.398808e+01	1.398927e+01

Somatório
	28	2	1	-3	1.398808e+01	-4.196425e+01
	28	2	2	7	2.930830e+01	1.631939e+02
	28	2	3	-3	3.940474e+01	4.497965e+01
	28	2	4	0	2.930830e+01	4.497965e+01
	28	2	5	0	1.398808e+01	4.497965e+01

Iteração
	28	2	2.035147e-02	2.930830e+01	2.931121e+01

Somatório
	28	3	1	0	1.398808e+01	0
	28	3	2	-3	2.930830e+01	-8.792490e+01
	28	3	3	7	3.940474e+01	1.879083e+02
	28	3	4	-3	2.930830e+01	9.998335e+01
	28	3	5	0	1.398808e+01	9.998335e+01

Iteração
	28	3	1.665120e-02	3.940474e+01	3.940711e+01

Somatório
	28	4	1	0	1.398808e+01	0
	28	4	2	0	2.930830e+01	0
	28	4	3	-3	3.940474e+01	-1.182142e+02
	28	4	4	7	2.930830e+01	8.694390e+01
	28	4	5	-3	1.398808e+01	4.497965e+01

Iteração
	28	4	2.035147e-02	2.930830e+01	2.931121e+01

Somatório
	28	5	1	0	1.398808e+01	0
	28	5	2	0	2.930830e+01	0
	28	5	3	0	3.940474e+01	0
	28	5	4	-3	2.930830e+01	-8.792490e+01
	28	5	5	7	1.398808e+01	9.991674e+00

Iteração
	28	5	8.325602e-03	1.398808e+01	1.398927e+01

Somatório
	29	1	1	7	1.398927e+01	9.792490e+01
	29	1	2	-3	2.931121e+01	9.991278e+00
	29	1	3	0	3.940711e+01	9.991278e+00
	29	1	4	0	2.931121e+01	9.991278e+00
	29	1	5	0	1.398927e+01	9.991278e+00

Iteração
	29	1	8.722059e-03	1.398927e+01	1.399052e+01

Somatório
	29	2	1	-3	1.398927e+01	-4.196781e+01
	29	2	2	7	2.931121e+01	1.632106e+02
	29	2	3	-3	3.940711e+01	4.498930e+01
	29	2	4	0	2.931121e+01	4.498930e+01
	29	2	5	0	1.398927e+01	4.498930e+01

Iteração
	29	2	1.070434e-02	2.931121e+01	2.931274e+01

Somatório
	29	3	1	0	1.398927e+01	0
	29	3	2	-3	2.931121e+01	-8.793362e+01
	29	3	3	7	3.940711e+01	1.879162e+02
	29	3	4	-3	2.931121e+01	9.998256e+01
	29	3	5	0	1.398927e+01	9.998256e+01

Iteração
	29	3	1.744412e-02	3.940711e+01	3.940961e+01

Somatório
	29	4	1	0	1.398927e+01	0
	29	4	2	0	2.931121e+01	0
	29	4	3	-3	3.940711e+01	-1.182213e+02
	29	4	4	7	2.931121e+01	8.695711e+01
	29	4	5	-3	1.398927e+01	4.498930e+01

Iteração
	29	4	1.070434e-02	2.931121e+01	2.931274e+01

Somatório
	29	5	1	0	1.398927e+01	0
	29	5	2	0	2.931121e+01	0
	29	5	3	0	3.940711e+01	0
	29	5	4	-3	2.931121e+01	-8.793362e+01
	29	5	5	7	1.398927e+01	9.991278e+00

Iteração
	29	5	8.722059e-03	1.398927e+01	1.399052e+01

Somatório
	30	1	1	7	1.399052e+01	9.793362e+01
	30	1	2	-3	2.931274e+01	9.995412e+00
	30	1	3	0	3.940961e+01	9.995412e+00
	30	1	4	0	2.931274e+01	9.995412e+00
	30	1	5	0	1.399052e+01	9.995412e+00

Iteração
	30	1	4.587576e-03	1.399052e+01	1.399117e+01

Somatório
	30	2	1	-3	1.399052e+01	-4.197155e+01
	30	2	2	7	2.931274e+01	1.632176e+02
	30	2	3	-3	3.940961e+01	4.498879e+01
	30	2	4	0	2.931274e+01	4.498879e+01
	30	2	5	0	1.399052e+01	4.498879e+01

Iteração
	30	2	1.121408e-02	2.931274e+01	2.931434e+01

Somatório
	30	3	1	0	1.399052e+01	0
	30	3	2	-3	2.931274e+01	-8.793821e+01
	30	3	3	7	3.940961e+01	1.879290e+02
	30	3	4	-3	2.931274e+01	9.999082e+01
	30	3	5	0	1.399052e+01	9.999082e+01

Iteração
	30	3	9.175153e-03	3.940961e+01	3.941092e+01

Somatório
	30	4	1	0	1.399052e+01	0
	30	4	2	0	2.931274e+01	0
	30	4	3	-3	3.940961e+01	-1.182288e+02
	30	4	4	7	2.931274e+01	8.696034e+01
	30	4	5	-3	1.399052e+01	4.498879e+01

Iteração
	30	4	1.121408e-02	2.931274e+01	2.931434e+01

Somatório
	30	5	1	0	1.399052e+01	0
	30	5	2	0	2.931274e+01	0
	30	5	3	0	3.940961e+01	0
	30	5	4	-3	2.931274e+01	-8.793821e+01
	30	5	5	7	1.399052e+01	9.995412e+00

Iteração
	30	5	4.587576e-03	1.399052e+01	1.399117e+01

Somatório
	31	1	1	7	1.399117e+01	9.793821e+01
	31	1	2	-3	2.931434e+01	9.995194e+00
	31	1	3	0	3.941092e+01	9.995194e+00
	31	1	4	0	2.931434e+01	9.995194e+00
	31	1	5	0	1.399117e+01	9.995194e+00

Iteração
	31	1	4.806032e-03	1.399117e+01	1.399186e+01

Somatório
	31	2	1	-3	1.399117e+01	-4.197352e+01
	31	2	2	7	2.931434e+01	1.632269e+02
	31	2	3	-3	3.941092e+01	4.499410e+01
	31	2	4	0	2.931434e+01	4.499410e+01
	31	2	5	0	1.399117e+01	4.499410e+01

Iteração
	31	2	5.898312e-03	2.931434e+01	2.931518e+01

Somatório
	31	3	1	0	1.399117e+01	0
	31	3	2	-3	2.931434e+01	-8.794302e+01
	31	3	3	7	3.941092e+01	1.879334e+02
	31	3	4	-3	2.931434e+01	9.999039e+01
	31	3	5	0	1.399117e+01	9.999039e+01

Iteração
	31	3	9.612065e-03	3.941092e+01	3.941229e+01

Somatório
	31	4	1	0	1.399117e+01	0
	31	4	2	0	2.931434e+01	0
	31	4	3	-3	3.941092e+01	-1.182328e+02
	31	4	4	7	2.931434e+01	8.696762e+01
	31	4	5	-3	1.399117e+01	4.499410e+01

Iteração
	31	4	5.898312e-03	2.931434e+01	2.931518e+01

Somatório
	31	5	1	0	1.399117e+01	0
	31	5	2	0	2.931434e+01	0
	31	5	3	0	3.941092e+01	0
	31	5	4	-3	2.931434e+01	-8.794302e+01
	31	5	5	7	1.399117e+01	9.995194e+00

Iteração
	31	5	4.806032e-03	1.399117e+01	1.399186e+01

Somatório
	32	1	1	7	1.399186e+01	9.794302e+01
	32	1	2	-3	2.931518e+01	9.997472e+00
	32	1	3	0	3.941229e+01	9.997472e+00
	32	1	4	0	2.931518e+01	9.997472e+00
	32	1	5	0	1.399186e+01	9.997472e+00

Iteração
	32	1	2.527848e-03	1.399186e+01	1.399222e+01

Somatório
	32	2	1	-3	1.399186e+01	-4.197558e+01
	32	2	2	7	2.931518e+01	1.632307e+02
	32	2	3	-3	3.941229e+01	4.499382e+01
	32	2	4	0	2.931518e+01	4.499382e+01
	32	2	5	0	1.399186e+01	4.499382e+01

Iteração
	32	2	6.179184e-03	2.931518e+01	2.931606e+01

Somatório
	32	3	1	0	1.399186e+01	0
	32	3	2	-3	2.931518e+01	-8.794554e+01
	32	3	3	7	3.941229e+01	1.879405e+02
	32	3	4	-3	2.931518e+01	9.999494e+01
	32	3	5	0	1.399186e+01	9.999494e+01

Iteração
	32	3	5.055696e-03	3.941229e+01	3.941301e+01

Somatório
	32	4	1	0	1.399186e+01	0
	32	4	2	0	2.931518e+01	0
	32	4	3	-3	3.941229e+01	-1.182369e+02
	32	4	4	7	2.931518e+01	8.696940e+01
	32	4	5	-3	1.399186e+01	4.499382e+01

Iteração
	32	4	6.179184e-03	2.931518e+01	2.931606e+01

Somatório
	32	5	1	0	1.399186e+01	0
	32	5	2	0	2.931518e+01	0
	32	5	3	0	3.941229e+01	0
	32	5	4	-3	2.931518e+01	-8.794554e+01
	32	5	5	7	1.399186e+01	9.997472e+00

Iteração
	32	5	2.527848e-03	1.399186e+01	1.399222e+01

Somatório
	33	1	1	7	1.399222e+01	9.794554e+01
	33	1	2	-3	2.931606e+01	9.997352e+00
	33	1	3	0	3.941301e+01	9.997352e+00
	33	1	4	0	2.931606e+01	9.997352e+00
	33	1	5	0	1.399222e+01	9.997352e+00

Iteração
	33	1	2.648222e-03	1.399222e+01	1.399260e+01

Somatório
	33	2	1	-3	1.399222e+01	-4.197666e+01
	33	2	2	7	2.931606e+01	1.632358e+02
	33	2	3	-3	3.941301e+01	4.499675e+01
	33	2	4	0	2.931606e+01	4.499675e+01
	33	2	5	0	1.399222e+01	4.499675e+01

Iteração
	33	2	3.250091e-03	2.931606e+01	2.931653e+01

Somatório
	33	3	1	0	1.399222e+01	0
	33	3	2	-3	2.931606e+01	-8.794819e+01
	33	3	3	7	3.941301e+01	1.879429e+02
	33	3	4	-3	2.931606e+01	9.999470e+01
	33	3	5	0	1.399222e+01	9.999470e+01

Iteração
	33	3	5.296444e-03	3.941301e+01	3.941377e+01

Somatório
	33	4	1	0	1.399222e+01	0
	33	4	2	0	2.931606e+01	0
	33	4	3	-3	3.941301e+01	-1.182390e+02
	33	4	4	7	2.931606e+01	8.697341e+01
	33	4	5	-3	1.399222e+01	4.499675e+01

Iteração
	33	4	3.250091e-03	2.931606e+01	2.931653e+01

Somatório
	33	5	1	0	1.399222e+01	0
	33	5	2	0	2.931606e+01	0
	33	5	3	0	3.941301e+01	0
	33	5	4	-3	2.931606e+01	-8.794819e+01
	33	5	5	7	1.399222e+01	9.997352e+00

Iteração
	33	5	2.648222e-03	1.399222e+01	1.399260e+01

Somatório
	34	1	1	7	1.399260e+01	9.794819e+01
	34	1	2	-3	2.931653e+01	9.998607e+00
	34	1	3	0	3.941377e+01	9.998607e+00
	34	1	4	0	2.931653e+01	9.998607e+00
	34	1	5	0	1.399260e+01	9.998607e+00

Iteração
	34	1	1.392896e-03	1.399260e+01	1.399280e+01

Somatório
	34	2	1	-3	1.399260e+01	-4.197780e+01
	34	2	2	7	2.931653e+01	1.632379e+02
	34	2	3	-3	3.941377e+01	4.499660e+01
	34	2	4	0	2.931653e+01	4.499660e+01
	34	2	5	0	1.399260e+01	4.499660e+01

Iteração
	34	2	3.404857e-03	2.931653e+01	2.931702e+01

Somatório
	34	3	1	0	1.399260e+01	0
	34	3	2	-3	2.931653e+01	-8.794959e+01
	34	3	3	7	3.941377e+01	1.879468e+02
	34	3	4	-3	2.931653e+01	9.999721e+01
	34	3	5	0	1.399260e+01	9.999721e+01

Iteração
	34	3	2.785792e-03	3.941377e+01	3.941417e+01

Somatório
	34	4	1	0	1.399260e+01	0
	34	4	2	0	2.931653e+01	0
	34	4	3	-3	3.941377e+01	-1.182413e+02
	34	4	4	7	2.931653e+01	8.697439e+01
	34	4	5	-3	1.399260e+01	4.499660e+01

Iteração
	34	4	3.404857e-03	2.931653e+01	2.931702e+01

Somatório
	34	5	1	0	1.399260e+01	0
	34	5	2	0	2.931653e+01	0
	34	5	3	0	3.941377e+01	0
	34	5	4	-3	2.931653e+01	-8.794959e+01
	34	5	5	7	1.399260e+01	9.998607e+00

Iteração
	34	5	1.392896e-03	1.399260e+01	1.399280e+01

Somatório
	35	1	1	7	1.399280e+01	9.794959e+01
	35	1	2	-3	2.931702e+01	9.998541e+00
	35	1	3	0	3.941417e+01	9.998541e+00
	35	1	4	0	2.931702e+01	9.998541e+00
	35	1	5	0	1.399280e+01	9.998541e+00

Iteração
	35	1	1.459224e-03	1.399280e+01	1.399301e+01

Somatório
	35	2	1	-3	1.399280e+01	-4.197839e+01
	35	2	2	7	2.931702e+01	1.632407e+02
	35	2	3	-3	3.941417e+01	4.499821e+01
	35	2	4	0	2.931702e+01	4.499821e+01
	35	2	5	0	1.399280e+01	4.499821e+01

Iteração
	35	2	1.790866e-03	2.931702e+01	2.931727e+01

Somatório
	35	3	1	0	1.399280e+01	0
	35	3	2	-3	2.931702e+01	-8.795105e+01
	35	3	3	7	3.941417e+01	1.879481e+02
	35	3	4	-3	2.931702e+01	9.999708e+01
	35	3	5	0	1.399280e+01	9.999708e+01

Iteração
	35	3	2.918449e-03	3.941417e+01	3.941458e+01

Somatório
	35	4	1	0	1.399280e+01	0
	35	4	2	0	2.931702e+01	0
	35	4	3	-3	3.941417e+01	-1.182425e+02
	35	4	4	7	2.931702e+01	8.697660e+01
	35	4	5	-3	1.399280e+01	4.499821e+01

Iteração
	35	4	1.790866e-03	2.931702e+01	2.931727e+01

Somatório
	35	5	1	0	1.399280e+01	0
	35	5	2	0	2.931702e+01	0
	35	5	3	0	3.941417e+01	0
	35	5	4	-3	2.931702e+01	-8.795105e+01
	35	5	5	7	1.399280e+01	9.998541e+00

Iteração
	35	5	1.459224e-03	1.399280e+01	1.399301e+01

Somatório
	36	1	1	7	1.399301e+01	9.795105e+01
	36	1	2	-3	2.931727e+01	9.999232e+00
	36	1	3	0	3.941458e+01	9.999232e+00
	36	1	4	0	2.931727e+01	9.999232e+00
	36	1	5	0	1.399301e+01	9.999232e+00

Iteração
	36	1	7.675141e-04	1.399301e+01	1.399312e+01

Somatório
	36	2	1	-3	1.399301e+01	-4.197902e+01
	36	2	2	7	2.931727e+01	1.632419e+02
	36	2	3	-3	3.941458e+01	4.499812e+01
	36	2	4	0	2.931727e+01	4.499812e+01
	36	2	5	0	1.399301e+01	4.499812e+01

Iteração
	36	2	1.876146e-03	2.931727e+01	2.931754e+01

Somatório
	36	3	1	0	1.399301e+01	0
	36	3	2	-3	2.931727e+01	-8.795181e+01
	36	3	3	7	3.941458e+01	1.879503e+02
	36	3	4	-3	2.931727e+01	9.999846e+01
	36	3	5	0	1.399301e+01	9.999846e+01

Iteração
	36	3	1.535028e-03	3.941458e+01	3.941480e+01

Somatório
	36	4	1	0	1.399301e+01	0
	36	4	2	0	2.931727e+01	0
	36	4	3	-3	3.941458e+01	-1.182438e+02
	36	4	4	7	2.931727e+01	8.697714e+01
	36	4	5	-3	1.399301e+01	4.499812e+01

Iteração
	36	4	1.876146e-03	2.931727e+01	2.931754e+01

Somatório
	36	5	1	0	1.399301e+01	0
	36	5	2	0	2.931727e+01	0
	36	5	3	0	3.941458e+01	0
	36	5	4	-3	2.931727e+01	-8.795181e+01
	36	5	5	7	1.399301e+01	9.999232e+00

Iteração
	36	5	7.675141e-04	1.399301e+01	1.399312e+01

Somatório
	37	1	1	7	1.399312e+01	9.795181e+01
	37	1	2	-3	2.931754e+01	9.999196e+00
	37	1	3	0	3.941480e+01	9.999196e+00
	37	1	4	0	2.931754e+01	9.999196e+00
	37	1	5	0	1.399312e+01	9.999196e+00

Iteração
	37	1	8.040624e-04	1.399312e+01	1.399323e+01

Somatório
	37	2	1	-3	1.399312e+01	-4.197935e+01
	37	2	2	7	2.931754e+01	1.632434e+02
	37	2	3	-3	3.941480e+01	4.499901e+01
	37	2	4	0	2.931754e+01	4.499901e+01
	37	2	5	0	1.399312e+01	4.499901e+01

Iteração
	37	2	9.868038e-04	2.931754e+01	2.931768e+01

Somatório
	37	3	1	0	1.399312e+01	0
	37	3	2	-3	2.931754e+01	-8.795262e+01
	37	3	3	7	3.941480e+01	1.879510e+02
	37	3	4	-3	2.931754e+01	9.999839e+01
	37	3	5	0	1.399312e+01	9.999839e+01

Iteração
	37	3	1.608125e-03	3.941480e+01	3.941503e+01

Somatório
	37	4	1	0	1.399312e+01	0
	37	4	2	0	2.931754e+01	0
	37	4	3	-3	3.941480e+01	-1.182444e+02
	37	4	4	7	2.931754e+01	8.697836e+01
	37	4	5	-3	1.399312e+01	4.499901e+01

Iteração
	37	4	9.868038e-04	2.931754e+01	2.931768e+01

Somatório
	37	5	1	0	1.399312e+01	0
	37	5	2	0	2.931754e+01	0
	37	5	3	0	3.941480e+01	0
	37	5	4	-3	2.931754e+01	-8.795262e+01
	37	5	5	7	1.399312e+01	9.999196e+00

Iteração
	37	5	8.040624e-04	1.399312e+01	1.399323e+01

Somatório
	38	1	1	7	1.399323e+01	9.795262e+01
	38	1	2	-3	2.931768e+01	9.999577e+00
	38	1	3	0	3.941503e+01	9.999577e+00
	38	1	4	0	2.931768e+01	9.999577e+00
	38	1	5	0	1.399323e+01	9.999577e+00

Iteração
	38	1	4.229159e-04	1.399323e+01	1.399329e+01

Somatório
	38	2	1	-3	1.399323e+01	-4.197969e+01
	38	2	2	7	2.931768e+01	1.632441e+02
	38	2	3	-3	3.941503e+01	4.499897e+01
	38	2	4	0	2.931768e+01	4.499897e+01
	38	2	5	0	1.399323e+01	4.499897e+01

Iteração
	38	2	1.033794e-03	2.931768e+01	2.931783e+01

Somatório
	38	3	1	0	1.399323e+01	0
	38	3	2	-3	2.931768e+01	-8.795304e+01
	38	3	3	7	3.941503e+01	1.879522e+02
	38	3	4	-3	2.931768e+01	9.999915e+01
	38	3	5	0	1.399323e+01	9.999915e+01

Iteração
	38	3	8.458319e-04	3.941503e+01	3.941515e+01

Somatório
	38	4	1	0	1.399323e+01	0
	38	4	2	0	2.931768e+01	0
	38	4	3	-3	3.941503e+01	-1.182451e+02
	38	4	4	7	2.931768e+01	8.697866e+01
	38	4	5	-3	1.399323e+01	4.499897e+01

Iteração
	38	4	1.033794e-03	2.931768e+01	2.931783e+01

Somatório
	38	5	1	0	1.399323e+01	0
	38	5	2	0	2.931768e+01	0
	38	5	3	0	3.941503e+01	0
	38	5	4	-3	2.931768e+01	-8.795304e+01
	38	5	5	7	1.399323e+01	9.999577e+00

Iteração
	38	5	4.229159e-04	1.399323e+01	1.399329e+01

Somatório
	39	1	1	7	1.399329e+01	9.795304e+01
	39	1	2	-3	2.931783e+01	9.999557e+00
	39	1	3	0	3.941515e+01	9.999557e+00
	39	1	4	0	2.931783e+01	9.999557e+00
	39	1	5	0	1.399329e+01	9.999557e+00

Iteração
	39	1	4.430548e-04	1.399329e+01	1.399335e+01

Somatório
	39	2	1	-3	1.399329e+01	-4.197987e+01
	39	2	2	7	2.931783e+01	1.632449e+02
	39	2	3	-3	3.941515e+01	4.499946e+01
	39	2	4	0	2.931783e+01	4.499946e+01
	39	2	5	0	1.399329e+01	4.499946e+01

Iteração
	39	2	5.437491e-04	2.931783e+01	2.931791e+01

Somatório
	39	3	1	0	1.399329e+01	0
	39	3	2	-3	2.931783e+01	-8.795348e+01
	39	3	3	7	3.941515e+01	1.879526e+02
	39	3	4	-3	2.931783e+01	9.999911e+01
	39	3	5	0	1.399329e+01	9.999911e+01

Iteração
	39	3	8.861096e-04	3.941515e+01	3.941528e+01

Somatório
	39	4	1	0	1.399329e+01	0
	39	4	2	0	2.931783e+01	0
	39	4	3	-3	3.941515e+01	-1.182455e+02
	39	4	4	7	2.931783e+01	8.697933e+01
	39	4	5	-3	1.399329e+01	4.499946e+01

Iteração
	39	4	5.437491e-04	2.931783e+01	2.931791e+01

Somatório
	39	5	1	0	1.399329e+01	0
	39	5	2	0	2.931783e+01	0
	39	5	3	0	3.941515e+01	0
	39	5	4	-3	2.931783e+01	-8.795348e+01
	39	5	5	7	1.399329e+01	9.999557e+00

Iteração
	39	5	4.430548e-04	1.399329e+01	1.399335e+01

Somatório
	40	1	1	7	1.399335e+01	9.795348e+01
	40	1	2	-3	2.931791e+01	9.999767e+00
	40	1	3	0	3.941528e+01	9.999767e+00
	40	1	4	0	2.931791e+01	9.999767e+00
	40	1	5	0	1.399335e+01	9.999767e+00

Iteração
	40	1	2.330353e-04	1.399335e+01	1.399339e+01

Somatório
	40	2	1	-3	1.399335e+01	-4.198006e+01
	40	2	2	7	2.931791e+01	1.632453e+02
	40	2	3	-3	3.941528e+01	4.499943e+01
	40	2	4	0	2.931791e+01	4.499943e+01
	40	2	5	0	1.399335e+01	4.499943e+01

Iteração
	40	2	5.696419e-04	2.931791e+01	2.931799e+01

Somatório
	40	3	1	0	1.399335e+01	0
	40	3	2	-3	2.931791e+01	-8.795372e+01
	40	3	3	7	3.941528e+01	1.879532e+02
	40	3	4	-3	2.931791e+01	9.999953e+01
	40	3	5	0	1.399335e+01	9.999953e+01

Iteração
	40	3	4.660706e-04	3.941528e+01	3.941535e+01

Somatório
	40	4	1	0	1.399335e+01	0
	40	4	2	0	2.931791e+01	0
	40	4	3	-3	3.941528e+01	-1.182458e+02
	40	4	4	7	2.931791e+01	8.697949e+01
	40	4	5	-3	1.399335e+01	4.499943e+01

Iteração
	40	4	5.696419e-04	2.931791e+01	2.931799e+01

Somatório
	40	5	1	0	1.399335e+01	0
	40	5	2	0	2.931791e+01	0
	40	5	3	0	3.941528e+01	0
	40	5	4	-3	2.931791e+01	-8.795372e+01
	40	5	5	7	1.399335e+01	9.999767e+00

Iteração
	40	5	2.330353e-04	1.399335e+01	1.399339e+01

Somatório
	41	1	1	7	1.399339e+01	9.795372e+01
	41	1	2	-3	2.931799e+01	9.999756e+00
	41	1	3	0	3.941535e+01	9.999756e+00
	41	1	4	0	2.931799e+01	9.999756e+00
	41	1	5	0	1.399339e+01	9.999756e+00

Iteração
	41	1	2.441322e-04	1.399339e+01	1.399342e+01

Somatório
	41	2	1	-3	1.399339e+01	-4.198016e+01
	41	2	2	7	2.931799e+01	1.632457e+02
	41	2	3	-3	3.941535e+01	4.499970e+01
	41	2	4	0	2.931799e+01	4.499970e+01
	41	2	5	0	1.399339e+01	4.499970e+01

Iteração
	41	2	2.996168e-04	2.931799e+01	2.931803e+01

Somatório
	41	3	1	0	1.399339e+01	0
	41	3	2	-3	2.931799e+01	-8.795396e+01
	41	3	3	7	3.941535e+01	1.879535e+02
	41	3	4	-3	2.931799e+01	9.999951e+01
	41	3	5	0	1.399339e+01	9.999951e+01

Iteração
	41	3	4.882645e-04	3.941535e+01	3.941542e+01

Somatório
	41	4	1	0	1.399339e+01	0
	41	4	2	0	2.931799e+01	0
	41	4	3	-3	3.941535e+01	-1.182460e+02
	41	4	4	7	2.931799e+01	8.697986e+01
	41	4	5	-3	1.399339e+01	4.499970e+01

Iteração
	41	4	2.996168e-04	2.931799e+01	2.931803e+01

Somatório
	41	5	1	0	1.399339e+01	0
	41	5	2	0	2.931799e+01	0
	41	5	3	0	3.941535e+01	0
	41	5	4	-3	2.931799e+01	-8.795396e+01
	41	5	5	7	1.399339e+01	9.999756e+00

Iteração
	41	5	2.441322e-04	1.399339e+01	1.399342e+01

Somatório
	42	1	1	7	1.399342e+01	9.795396e+01
	42	1	2	-3	2.931803e+01	9.999872e+00
	42	1	3	0	3.941542e+01	9.999872e+00
	42	1	4	0	2.931803e+01	9.999872e+00
	42	1	5	0	1.399342e+01	9.999872e+00

Iteração
	42	1	1.284072e-04	1.399342e+01	1.399344e+01

Somatório
	42	2	1	-3	1.399342e+01	-4.198027e+01
	42	2	2	7	2.931803e+01	1.632459e+02
	42	2	3	-3	3.941542e+01	4.499969e+01
	42	2	4	0	2.931803e+01	4.499969e+01
	42	2	5	0	1.399342e+01	4.499969e+01

Iteração
	42	2	3.138843e-04	2.931803e+01	2.931807e+01

Somatório
	42	3	1	0	1.399342e+01	0
	42	3	2	-3	2.931803e+01	-8.795409e+01
	42	3	3	7	3.941542e+01	1.879538e+02
	42	3	4	-3	2.931803e+01	9.999974e+01
	42	3	5	0	1.399342e+01	9.999974e+01

Iteração
	42	3	2.568144e-04	3.941542e+01	3.941545e+01

Somatório
	42	4	1	0	1.399342e+01	0
	42	4	2	0	2.931803e+01	0
	42	4	3	-3	3.941542e+01	-1.182463e+02
	42	4	4	7	2.931803e+01	8.697995e+01
	42	4	5	-3	1.399342e+01	4.499969e+01

Iteração
	42	4	3.138843e-04	2.931803e+01	2.931807e+01

Somatório
	42	5	1	0	1.399342e+01	0
	42	5	2	0	2.931803e+01	0
	42	5	3	0	3.941542e+01	0
	42	5	4	-3	2.931803e+01	-8.795409e+01
	42	5	5	7	1.399342e+01	9.999872e+00

Iteração
	42	5	1.284072e-04	1.399342e+01	1.399344e+01

Somatório
	43	1	1	7	1.399344e+01	9.795409e+01
	43	1	2	-3	2.931807e+01	9.999865e+00
	43	1	3	0	3.941545e+01	9.999865e+00
	43	1	4	0	2.931807e+01	9.999865e+00
	43	1	5	0	1.399344e+01	9.999865e+00

Iteração
	43	1	1.345218e-04	1.399344e+01	1.399346e+01

Somatório
	43	2	1	-3	1.399344e+01	-4.198032e+01
	43	2	2	7	2.931807e+01	1.632462e+02
	43	2	3	-3	3.941545e+01	4.499983e+01
	43	2	4	0	2.931807e+01	4.499983e+01
	43	2	5	0	1.399344e+01	4.499983e+01

Iteração
	43	2	1.650950e-04	2.931807e+01	2.931810e+01

Somatório
	43	3	1	0	1.399344e+01	0
	43	3	2	-3	2.931807e+01	-8.795422e+01
	43	3	3	7	3.941545e+01	1.879540e+02
	43	3	4	-3	2.931807e+01	9.999973e+01
	43	3	5	0	1.399344e+01	9.999973e+01

Iteração
	43	3	2.690437e-04	3.941545e+01	3.941549e+01

Somatório
	43	4	1	0	1.399344e+01	0
	43	4	2	0	2.931807e+01	0
	43	4	3	-3	3.941545e+01	-1.182464e+02
	43	4	4	7	2.931807e+01	8.698016e+01
	43	4	5	-3	1.399344e+01	4.499983e+01

Iteração
	43	4	1.650950e-04	2.931807e+01	2.931810e+01

Somatório
	43	5	1	0	1.399344e+01	0
	43	5	2	0	2.931807e+01	0
	43	5	3	0	3.941545e+01	0
	43	5	4	-3	2.931807e+01	-8.795422e+01
	43	5	5	7	1.399344e+01	9.999865e+00

Iteração
	43	5	1.345218e-04	1.399344e+01	1.399346e+01

Somatório
	44	1	1	7	1.399346e+01	9.795422e+01
	44	1	2	-3	2.931810e+01	9.999929e+00
	44	1	3	0	3.941549e+01	9.999929e+00
	44	1	4	0	2.931810e+01	9.999929e+00
	44	1	5	0	1.399346e+01	9.999929e+00

Iteração
	44	1	7.075499e-05	1.399346e+01	1.399347e+01

Somatório
	44	2	1	-3	1.399346e+01	-4.198038e+01
	44	2	2	7	2.931810e+01	1.632463e+02
	44	2	3	-3	3.941549e+01	4.499983e+01
	44	2	4	0	2.931810e+01	4.499983e+01
	44	2	5	0	1.399346e+01	4.499983e+01

Iteração
	44	2	1.729567e-04	2.931810e+01	2.931812e+01

Somatório
	44	3	1	0	1.399346e+01	0
	44	3	2	-3	2.931810e+01	-8.795429e+01
	44	3	3	7	3.941549e+01	1.879542e+02
	44	3	4	-3	2.931810e+01	9.999986e+01
	44	3	5	0	1.399346e+01	9.999986e+01

Iteração
	44	3	1.415100e-04	3.941549e+01	3.941551e+01

Somatório
	44	4	1	0	1.399346e+01	0
	44	4	2	0	2.931810e+01	0
	44	4	3	-3	3.941549e+01	-1.182465e+02
	44	4	4	7	2.931810e+01	8.698021e+01
	44	4	5	-3	1.399346e+01	4.499983e+01

Iteração
	44	4	1.729567e-04	2.931810e+01	2.931812e+01

Somatório
	44	5	1	0	1.399346e+01	0
	44	5	2	0	2.931810e+01	0
	44	5	3	0	3.941549e+01	0
	44	5	4	-3	2.931810e+01	-8.795429e+01
	44	5	5	7	1.399346e+01	9.999929e+00

Iteração
	44	5	7.075499e-05	1.399346e+01	1.399347e+01

Somatório
	45	1	1	7	1.399347e+01	9.795429e+01
	45	1	2	-3	2.931812e+01	9.999926e+00
	45	1	3	0	3.941551e+01	9.999926e+00
	45	1	4	0	2.931812e+01	9.999926e+00
	45	1	5	0	1.399347e+01	9.999926e+00

Iteração
	45	1	7.412428e-05	1.399347e+01	1.399348e+01

Somatório
	45	2	1	-3	1.399347e+01	-4.198041e+01
	45	2	2	7	2.931812e+01	1.632464e+02
	45	2	3	-3	3.941551e+01	4.499991e+01
	45	2	4	0	2.931812e+01	4.499991e+01
	45	2	5	0	1.399347e+01	4.499991e+01

Iteração
	45	2	9.097071e-05	2.931812e+01	2.931814e+01

Somatório
	45	3	1	0	1.399347e+01	0
	45	3	2	-3	2.931812e+01	-8.795437e+01
	45	3	3	7	3.941551e+01	1.879542e+02
	45	3	4	-3	2.931812e+01	9.999985e+01
	45	3	5	0	1.399347e+01	9.999985e+01

Iteração
	45	3	1.482486e-04	3.941551e+01	3.941553e+01

Somatório
	45	4	1	0	1.399347e+01	0
	45	4	2	0	2.931812e+01	0
	45	4	3	-3	3.941551e+01	-1.182465e+02
	45	4	4	7	2.931812e+01	8.698032e+01
	45	4	5	-3	1.399347e+01	4.499991e+01

Iteração
	45	4	9.097071e-05	2.931812e+01	2.931814e+01

Somatório
	45	5	1	0	1.399347e+01	0
	45	5	2	0	2.931812e+01	0
	45	5	3	0	3.941551e+01	0
	45	5	4	-3	2.931812e+01	-8.795437e+01
	45	5	5	7	1.399347e+01	9.999926e+00

Iteração
	45	5	7.412428e-05	1.399347e+01	1.399348e+01

Somatório
	46	1	1	7	1.399348e+01	9.795437e+01
	46	1	2	-3	2.931814e+01	9.999961e+00
	46	1	3	0	3.941553e+01	9.999961e+00
	46	1	4	0	2.931814e+01	9.999961e+00
	46	1	5	0	1.399348e+01	9.999961e+00

Iteração
	46	1	3.898745e-05	1.399348e+01	1.399349e+01

Somatório
	46	2	1	-3	1.399348e+01	-4.198044e+01
	46	2	2	7	2.931814e+01	1.632465e+02
	46	2	3	-3	3.941553e+01	4.499990e+01
	46	2	4	0	2.931814e+01	4.499990e+01
	46	2	5	0	1.399348e+01	4.499990e+01

Iteração
	46	2	9.530264e-05	2.931814e+01	2.931815e+01

Somatório
	46	3	1	0	1.399348e+01	0
	46	3	2	-3	2.931814e+01	-8.795441e+01
	46	3	3	7	3.941553e+01	1.879543e+02
	46	3	4	-3	2.931814e+01	9.999992e+01
	46	3	5	0	1.399348e+01	9.999992e+01

Iteração
	46	3	7.797489e-05	3.941553e+01	3.941554e+01

Somatório
	46	4	1	0	1.399348e+01	0
	46	4	2	0	2.931814e+01	0
	46	4	3	-3	3.941553e+01	-1.182466e+02
	46	4	4	7	2.931814e+01	8.698035e+01
	46	4	5	-3	1.399348e+01	4.499990e+01

Iteração
	46	4	9.530264e-05	2.931814e+01	2.931815e+01

Somatório
	46	5	1	0	1.399348e+01	0
	46	5	2	0	2.931814e+01	0
	46	5	3	0	3.941553e+01	0
	46	5	4	-3	2.931814e+01	-8.795441e+01
	46	5	5	7	1.399348e+01	9.999961e+00

Iteração
	46	5	3.898745e-05	1.399348e+01	1.399349e+01

Somatório
	47	1	1	7	1.399349e+01	9.795441e+01
	47	1	2	-3	2.931815e+01	9.999959e+00
	47	1	3	0	3.941554e+01	9.999959e+00
	47	1	4	0	2.931815e+01	9.999959e+00
	47	1	5	0	1.399349e+01	9.999959e+00

Iteração
	47	1	4.084399e-05	1.399349e+01	1.399349e+01

Somatório
	47	2	1	-3	1.399349e+01	-4.198046e+01
	47	2	2	7	2.931815e+01	1.632466e+02
	47	2	3	-3	3.941554e+01	4.499995e+01
	47	2	4	0	2.931815e+01	4.499995e+01
	47	2	5	0	1.399349e+01	4.499995e+01

Iteração
	47	2	5.012672e-05	2.931815e+01	2.931816e+01

Somatório
	47	3	1	0	1.399349e+01	0
	47	3	2	-3	2.931815e+01	-8.795445e+01
	47	3	3	7	3.941554e+01	1.879544e+02
	47	3	4	-3	2.931815e+01	9.999992e+01
	47	3	5	0	1.399349e+01	9.999992e+01

Iteração
	47	3	8.168798e-05	3.941554e+01	3.941556e+01

Somatório
	47	4	1	0	1.399349e+01	0
	47	4	2	0	2.931815e+01	0
	47	4	3	-3	3.941554e+01	-1.182466e+02
	47	4	4	7	2.931815e+01	8.698041e+01
	47	4	5	-3	1.399349e+01	4.499995e+01

Iteração
	47	4	5.012672e-05	2.931815e+01	2.931816e+01

Somatório
	47	5	1	0	1.399349e+01	0
	47	5	2	0	2.931815e+01	0
	47	5	3	0	3.941554e+01	0
	47	5	4	-3	2.931815e+01	-8.795445e+01
	47	5	5	7	1.399349e+01	9.999959e+00

Iteração
	47	5	4.084399e-05	1.399349e+01	1.399349e+01

Somatório
	48	1	1	7	1.399349e+01	9.795445e+01
	48	1	2	-3	2.931816e+01	9.999979e+00
	48	1	3	0	3.941556e+01	9.999979e+00
	48	1	4	0	2.931816e+01	9.999979e+00
	48	1	5	0	1.399349e+01	9.999979e+00

Iteração
	48	1	2.148288e-05	1.399349e+01	1.399350e+01

Somatório
	48	2	1	-3	1.399349e+01	-4.198048e+01
	48	2	2	7	2.931816e+01	1.632466e+02
	48	2	3	-3	3.941556e+01	4.499995e+01
	48	2	4	0	2.931816e+01	4.499995e+01
	48	2	5	0	1.399349e+01	4.499995e+01

Iteração
	48	2	5.251370e-05	2.931816e+01	2.931816e+01

Somatório
	48	3	1	0	1.399349e+01	0
	48	3	2	-3	2.931816e+01	-8.795447e+01
	48	3	3	7	3.941556e+01	1.879544e+02
	48	3	4	-3	2.931816e+01	9.999996e+01
	48	3	5	0	1.399349e+01	9.999996e+01

Iteração
	48	3	4.296576e-05	3.941556e+01	3.941556e+01

Somatório
	48	4	1	0	1.399349e+01	0
	48	4	2	0	2.931816e+01	0
	48	4	3	-3	3.941556e+01	-1.182467e+02
	48	4	4	7	2.931816e+01	8.698042e+01
	48	4	5	-3	1.399349e+01	4.499995e+01

Iteração
	48	4	5.251370e-05	2.931816e+01	2.931816e+01

Somatório
	48	5	1	0	1.399349e+01	0
	48	5	2	0	2.931816e+01	0
	48	5	3	0	3.941556e+01	0
	48	5	4	-3	2.931816e+01	-8.795447e+01
	48	5	5	7	1.399349e+01	9.999979e+00

Iteração
	48	5	2.148288e-05	1.399349e+01	1.399350e+01

Somatório
	49	1	1	7	1.399350e+01	9.795447e+01
	49	1	2	-3	2.931816e+01	9.999977e+00
	49	1	3	0	3.941556e+01	9.999977e+00
	49	1	4	0	2.931816e+01	9.999977e+00
	49	1	5	0	1.399350e+01	9.999977e+00

Iteração
	49	1	2.250587e-05	1.399350e+01	1.399350e+01

Somatório
	49	2	1	-3	1.399350e+01	-4.198049e+01
	49	2	2	7	2.931816e+01	1.632467e+02
	49	2	3	-3	3.941556e+01	4.499997e+01
	49	2	4	0	2.931816e+01	4.499997e+01
	49	2	5	0	1.399350e+01	4.499997e+01

Iteração
	49	2	2.762084e-05	2.931816e+01	2.931817e+01

Somatório
	49	3	1	0	1.399350e+01	0
	49	3	2	-3	2.931816e+01	-8.795449e+01
	49	3	3	7	3.941556e+01	1.879544e+02
	49	3	4	-3	2.931816e+01	9.999995e+01
	49	3	5	0	1.399350e+01	9.999995e+01

Iteração
	49	3	4.501174e-05	3.941556e+01	3.941557e+01

Somatório
	49	4	1	0	1.399350e+01	0
	49	4	2	0	2.931816e+01	0
	49	4	3	-3	3.941556e+01	-1.182467e+02
	49	4	4	7	2.931816e+01	8.698046e+01
	49	4	5	-3	1.399350e+01	4.499997e+01

Iteração
	49	4	2.762084e-05	2.931816e+01	2.931817e+01

Somatório
	49	5	1	0	1.399350e+01	0
	49	5	2	0	2.931816e+01	0
	49	5	3	0	3.941556e+01	0
	49	5	4	-3	2.931816e+01	-8.795449e+01
	49	5	5	7	1.399350e+01	9.999977e+00

Iteração
	49	5	2.250587e-05	1.399350e+01	1.399350e+01

Somatório
	50	1	1	7	1.399350e+01	9.795449e+01
	50	1	2	-3	2.931817e+01	9.999988e+00
	50	1	3	0	3.941557e+01	9.999988e+00
	50	1	4	0	2.931817e+01	9.999988e+00
	50	1	5	0	1.399350e+01	9.999988e+00

Iteração
	50	1	1.183750e-05	1.399350e+01	1.399350e+01

Somatório
	50	2	1	-3	1.399350e+01	-4.198050e+01
	50	2	2	7	2.931817e+01	1.632467e+02
	50	2	3	-3	3.941557e+01	4.499997e+01
	50	2	4	0	2.931817e+01	4.499997e+01
	50	2	5	0	1.399350e+01	4.499997e+01

Iteração
	50	2	2.893612e-05	2.931817e+01	2.931817e+01

Somatório
	50	3	1	0	1.399350e+01	0
	50	3	2	-3	2.931817e+01	-8.795450e+01
	50	3	3	7	3.941557e+01	1.879545e+02
	50	3	4	-3	2.931817e+01	9.999998e+01
	50	3	5	0	1.399350e+01	9.999998e+01

Iteração
	50	3	2.367501e-05	3.941557e+01	3.941557e+01

Somatório
	50	4	1	0	1.399350e+01	0
	50	4	2	0	2.931817e+01	0
	50	4	3	-3	3.941557e+01	-1.182467e+02
	50	4	4	7	2.931817e+01	8.698047e+01
	50	4	5	-3	1.399350e+01	4.499997e+01

Iteração
	50	4	2.893612e-05	2.931817e+01	2.931817e+01

Somatório
	50	5	1	0	1.399350e+01	0
	50	5	2	0	2.931817e+01	0
	50	5	3	0	3.941557e+01	0
	50	5	4	-3	2.931817e+01	-8.795450e+01
	50	5	5	7	1.399350e+01	9.999988e+00

Iteração
	50	5	1.183750e-05	1.399350e+01	1.399350e+01

Somatório
	51	1	1	7	1.399350e+01	9.795450e+01
	51	1	2	-3	2.931817e+01	9.999988e+00
	51	1	3	0	3.941557e+01	9.999988e+00
	51	1	4	0	2.931817e+01	9.999988e+00
	51	1	5	0	1.399350e+01	9.999988e+00

Iteração
	51	1	1.240119e-05	1.399350e+01	1.399350e+01

Somatório
	51	2	1	-3	1.399350e+01	-4.198050e+01
	51	2	2	7	2.931817e+01	1.632467e+02
	51	2	3	-3	3.941557e+01	4.499998e+01
	51	2	4	0	2.931817e+01	4.499998e+01
	51	2	5	0	1.399350e+01	4.499998e+01

Iteração
	51	2	1.521965e-05	2.931817e+01	2.931817e+01

Somatório
	51	3	1	0	1.399350e+01	0
	51	3	2	-3	2.931817e+01	-8.795452e+01
	51	3	3	7	3.941557e+01	1.879545e+02
	51	3	4	-3	2.931817e+01	9.999998e+01
	51	3	5	0	1.399350e+01	9.999998e+01

Iteração
	51	3	2.480239e-05	3.941557e+01	3.941558e+01

Somatório
	51	4	1	0	1.399350e+01	0
	51	4	2	0	2.931817e+01	0
	51	4	3	-3	3.941557e+01	-1.182467e+02
	51	4	4	7	2.931817e+01	8.698049e+01
	51	4	5	-3	1.399350e+01	4.499998e+01

Iteração
	51	4	1.521965e-05	2.931817e+01	2.931817e+01

Somatório
	51	5	1	0	1.399350e+01	0
	51	5	2	0	2.931817e+01	0
	51	5	3	0	3.941557e+01	0
	51	5	4	-3	2.931817e+01	-8.795452e+01
	51	5	5	7	1.399350e+01	9.999988e+00

Iteração
	51	5	1.240119e-05	1.399350e+01	1.399350e+01

Somatório
	52	1	1	7	1.399350e+01	9.795452e+01
	52	1	2	-3	2.931817e+01	9.999993e+00
	52	1	3	0	3.941558e+01	9.999993e+00
	52	1	4	0	2.931817e+01	9.999993e+00
	52	1	5	0	1.399350e+01	9.999993e+00

Iteração
	52	1	6.522706e-06	1.399350e+01	1.399350e+01

Somatório
	52	2	1	-3	1.399350e+01	-4.198051e+01
	52	2	2	7	2.931817e+01	1.632467e+02
	52	2	3	-3	3.941558e+01	4.499998e+01
	52	2	4	0	2.931817e+01	4.499998e+01
	52	2	5	0	1.399350e+01	4.499998e+01

Iteração
	52	2	1.594439e-05	2.931817e+01	2.931818e+01

Somatório
	52	3	1	0	1.399350e+01	0
	52	3	2	-3	2.931817e+01	-8.795452e+01
	52	3	3	7	3.941558e+01	1.879545e+02
	52	3	4	-3	2.931817e+01	9.999999e+01
	52	3	5	0	1.399350e+01	9.999999e+01

Iteração
	52	3	1.304541e-05	3.941558e+01	3.941558e+01

Somatório
	52	4	1	0	1.399350e+01	0
	52	4	2	0	2.931817e+01	0
	52	4	3	-3	3.941558e+01	-1.182467e+02
	52	4	4	7	2.931817e+01	8.698049e+01
	52	4	5	-3	1.399350e+01	4.499998e+01

Iteração
	52	4	1.594439e-05	2.931817e+01	2.931818e+01

Somatório
	52	5	1	0	1.399350e+01	0
	52	5	2	0	2.931817e+01	0
	52	5	3	0	3.941558e+01	0
	52	5	4	-3	2.931817e+01	-8.795452e+01
	52	5	5	7	1.399350e+01	9.999993e+00

Iteração
	52	5	6.522706e-06	1.399350e+01	1.399350e+01

Somatório
	53	1	1	7	1.399350e+01	9.795452e+01
	53	1	2	-3	2.931818e+01	9.999993e+00
	53	1	3	0	3.941558e+01	9.999993e+00
	53	1	4	0	2.931818e+01	9.999993e+00
	53	1	5	0	1.399350e+01	9.999993e+00

Iteração
	53	1	6.833311e-06	1.399350e+01	1.399350e+01

Somatório
	53	2	1	-3	1.399350e+01	-4.198051e+01
	53	2	2	7	2.931818e+01	1.632467e+02
	53	2	3	-3	3.941558e+01	4.499999e+01
	53	2	4	0	2.931818e+01	4.499999e+01
	53	2	5	0	1.399350e+01	4.499999e+01

Iteração
	53	2	8.386337e-06	2.931818e+01	2.931818e+01

Somatório
	53	3	1	0	1.399350e+01	0
	53	3	2	-3	2.931818e+01	-8.795453e+01
	53	3	3	7	3.941558e+01	1.879545e+02
	53	3	4	-3	2.931818e+01	9.999999e+01
	53	3	5	0	1.399350e+01	9.999999e+01

Iteração
	53	3	1.366662e-05	3.941558e+01	3.941558e+01

Somatório
	53	4	1	0	1.399350e+01	0
	53	4	2	0	2.931818e+01	0
	53	4	3	-3	3.941558e+01	-1.182467e+02
	53	4	4	7	2.931818e+01	8.698050e+01
	53	4	5	-3	1.399350e+01	4.499999e+01

Iteração
	53	4	8.386337e-06	2.931818e+01	2.931818e+01

Somatório
	53	5	1	0	1.399350e+01	0
	53	5	2	0	2.931818e+01	0
	53	5	3	0	3.941558e+01	0
	53	5	4	-3	2.931818e+01	-8.795453e+01
	53	5	5	7	1.399350e+01	9.999993e+00

Iteração
	53	5	6.833311e-06	1.399350e+01	1.399350e+01

Somatório
	54	1	1	7	1.399350e+01	9.795453e+01
	54	1	2	-3	2.931818e+01	9.999996e+00
	54	1	3	0	3.941558e+01	9.999996e+00
	54	1	4	0	2.931818e+01	9.999996e+00
	54	1	5	0	1.399350e+01	9.999996e+00

Iteração
	54	1	3.594144e-06	1.399350e+01	1.399350e+01

Somatório
	54	2	1	-3	1.399350e+01	-4.198051e+01
	54	2	2	7	2.931818e+01	1.632467e+02
	54	2	3	-3	3.941558e+01	4.499999e+01
	54	2	4	0	2.931818e+01	4.499999e+01
	54	2	5	0	1.399350e+01	4.499999e+01

Iteração
	54	2	8.785686e-06	2.931818e+01	2.931818e+01

Somatório
	54	3	1	0	1.399350e+01	0
	54	3	2	-3	2.931818e+01	-8.795453e+01
	54	3	3	7	3.941558e+01	1.879545e+02
	54	3	4	-3	2.931818e+01	9.999999e+01
	54	3	5	0	1.399350e+01	9.999999e+01

Iteração
	54	3	7.188289e-06	3.941558e+01	3.941558e+01

Somatório
	54	4	1	0	1.399350e+01	0
	54	4	2	0	2.931818e+01	0
	54	4	3	-3	3.941558e+01	-1.182467e+02
	54	4	4	7	2.931818e+01	8.698050e+01
	54	4	5	-3	1.399350e+01	4.499999e+01

Iteração
	54	4	8.785686e-06	2.931818e+01	2.931818e+01

Somatório
	54	5	1	0	1.399350e+01	0
	54	5	2	0	2.931818e+01	0
	54	5	3	0	3.941558e+01	0
	54	5	4	-3	2.931818e+01	-8.795453e+01
	54	5	5	7	1.399350e+01	9.999996e+00

Iteração
	54	5	3.594144e-06	1.399350e+01	1.399350e+01

Somatório
	55	1	1	7	1.399350e+01	9.795453e+01
	55	1	2	-3	2.931818e+01	9.999996e+00
	55	1	3	0	3.941558e+01	9.999996e+00
	55	1	4	0	2.931818e+01	9.999996e+00
	55	1	5	0	1.399350e+01	9.999996e+00

Iteração
	55	1	3.765294e-06	1.399350e+01	1.399351e+01

Somatório
	55	2	1	-3	1.399350e+01	-4.198051e+01
	55	2	2	7	2.931818e+01	1.632467e+02
	55	2	3	-3	3.941558e+01	4.500000e+01
	55	2	4	0	2.931818e+01	4.500000e+01
	55	2	5	0	1.399350e+01	4.500000e+01

Iteração
	55	2	4.621043e-06	2.931818e+01	2.931818e+01

Somatório
	55	3	1	0	1.399350e+01	0
	55	3	2	-3	2.931818e+01	-8.795454e+01
	55	3	3	7	3.941558e+01	1.879545e+02
	55	3	4	-3	2.931818e+01	9.999999e+01
	55	3	5	0	1.399350e+01	9.999999e+01

Iteração
	55	3	7.530588e-06	3.941558e+01	3.941558e+01

Somatório
	55	4	1	0	1.399350e+01	0
	55	4	2	0	2.931818e+01	0
	55	4	3	-3	3.941558e+01	-1.182467e+02
	55	4	4	7	2.931818e+01	8.698051e+01
	55	4	5	-3	1.399350e+01	4.500000e+01

Iteração
	55	4	4.621043e-06	2.931818e+01	2.931818e+01

Somatório
	55	5	1	0	1.399350e+01	0
	55	5	2	0	2.931818e+01	0
	55	5	3	0	3.941558e+01	0
	55	5	4	-3	2.931818e+01	-8.795454e+01
	55	5	5	7	1.399350e+01	9.999996e+00

Iteração
	55	5	3.765294e-06	1.399350e+01	1.399351e+01

Somatório
	56	1	1	7	1.399351e+01	9.795454e+01
	56	1	2	-3	2.931818e+01	9.999998e+00
	56	1	3	0	3.941558e+01	9.999998e+00
	56	1	4	0	2.931818e+01	9.999998e+00
	56	1	5	0	1.399351e+01	9.999998e+00

Iteração
	56	1	1.980447e-06	1.399351e+01	1.399351e+01

Somatório
	56	2	1	-3	1.399351e+01	-4.198052e+01
	56	2	2	7	2.931818e+01	1.632467e+02
	56	2	3	-3	3.941558e+01	4.500000e+01
	56	2	4	0	2.931818e+01	4.500000e+01
	56	2	5	0	1.399351e+01	4.500000e+01

Iteração
	56	2	4.841092e-06	2.931818e+01	2.931818e+01

Somatório
	56	3	1	0	1.399351e+01	0
	56	3	2	-3	2.931818e+01	-8.795454e+01
	56	3	3	7	3.941558e+01	1.879545e+02
	56	3	4	-3	2.931818e+01	1.000000e+02
	56	3	5	0	1.399351e+01	1.000000e+02

Iteração
	56	3	3.960894e-06	3.941558e+01	3.941558e+01

Somatório
	56	4	1	0	1.399351e+01	0
	56	4	2	0	2.931818e+01	0
	56	4	3	-3	3.941558e+01	-1.182467e+02
	56	4	4	7	2.931818e+01	8.698051e+01
	56	4	5	-3	1.399351e+01	4.500000e+01

Iteração
	56	4	4.841092e-06	2.931818e+01	2.931818e+01

Somatório
	56	5	1	0	1.399351e+01	0
	56	5	2	0	2.931818e+01	0
	56	5	3	0	3.941558e+01	0
	56	5	4	-3	2.931818e+01	-8.795454e+01
	56	5	5	7	1.399351e+01	9.999998e+00

Iteração
	56	5	1.980447e-06	1.399351e+01	1.399351e+01


--------------------Histórico de X(i)-------------------------
	0	1.428571e+00	4.183673e+00	7.069971e+00	8.588088e+00	1.017850e+01	1.101501e+01	1.189136e+01	1.235229e+01	1.283518e+01	1.308917e+01	1.335524e+01	1.349520e+01	1.364181e+01	1.371893e+01	1.379972e+01	1.384221e+01	1.388672e+01	1.391014e+01	1.393467e+01	1.394757e+01	1.396108e+01	1.396819e+01	1.397564e+01	1.397956e+01	1.398366e+01	1.398582e+01	1.398808e+01	1.398927e+01	1.399052e+01	1.399117e+01	1.399186e+01	1.399222e+01	1.399260e+01	1.399280e+01	1.399301e+01	1.399312e+01	1.399323e+01	1.399329e+01	1.399335e+01	1.399339e+01	1.399342e+01	1.399344e+01	1.399346e+01	1.399347e+01	1.399348e+01	1.399349e+01	1.399349e+01	1.399350e+01	1.399350e+01	1.399350e+01	1.399350e+01	1.399350e+01	1.399350e+01	1.399350e+01	1.399351e+01	1.399351e+01
	0	6.428571e+00	1.316327e+01	1.670554e+01	2.041649e+01	2.236836e+01	2.441317e+01	2.548869e+01	2.661542e+01	2.720805e+01	2.782890e+01	2.815546e+01	2.849756e+01	2.867750e+01	2.886600e+01	2.896515e+01	2.906902e+01	2.912365e+01	2.918089e+01	2.921099e+01	2.924253e+01	2.925912e+01	2.927650e+01	2.928564e+01	2.929521e+01	2.930025e+01	2.930553e+01	2.930830e+01	2.931121e+01	2.931274e+01	2.931434e+01	2.931518e+01	2.931606e+01	2.931653e+01	2.931702e+01	2.931727e+01	2.931754e+01	2.931768e+01	2.931783e+01	2.931791e+01	2.931799e+01	2.931803e+01	2.931807e+01	2.931810e+01	2.931812e+01	2.931814e+01	2.931815e+01	2.931816e+01	2.931816e+01	2.931817e+01	2.931817e+01	2.931817e+01	2.931818e+01	2.931818e+01	2.931818e+01	2.931818e+01	2.931818e+01
	0	1.428571e+01	1.979592e+01	2.556851e+01	2.860475e+01	3.178557e+01	3.345859e+01	3.521129e+01	3.613316e+01	3.709893e+01	3.760690e+01	3.813906e+01	3.841896e+01	3.871219e+01	3.886643e+01	3.902800e+01	3.911299e+01	3.920202e+01	3.924885e+01	3.929791e+01	3.932371e+01	3.935074e+01	3.936496e+01	3.937985e+01	3.938769e+01	3.939590e+01	3.940021e+01	3.940474e+01	3.940711e+01	3.940961e+01	3.941092e+01	3.941229e+01	3.941301e+01	3.941377e+01	3.941417e+01	3.941458e+01	3.941480e+01	3.941503e+01	3.941515e+01	3.941528e+01	3.941535e+01	3.941542e+01	3.941545e+01	3.941549e+01	3.941551e+01	3.941553e+01	3.941554e+01	3.941556e+01	3.941556e+01	3.941557e+01	3.941557e+01	3.941558e+01	3.941558e+01	3.941558e+01	3.941558e+01	3.941558e+01	3.941558e+01
	0	6.428571e+00	1.316327e+01	1.670554e+01	2.041649e+01	2.236836e+01	2.441317e+01	2.548869e+01	2.661542e+01	2.720805e+01	2.782890e+01	2.815546e+01	2.849756e+01	2.867750e+01	2.886600e+01	2.896515e+01	2.906902e+01	2.912365e+01	2.918089e+01	2.921099e+01	2.924253e+01	2.925912e+01	2.927650e+01	2.928564e+01	2.929521e+01	2.930025e+01	2.930553e+01	2.930830e+01	2.931121e+01	2.931274e+01	2.931434e+01	2.931518e+01	2.931606e+01	2.931653e+01	2.931702e+01	2.931727e+01	2.931754e+01	2.931768e+01	2.931783e+01	2.931791e+01	2.931799e+01	2.931803e+01	2.931807e+01	2.931810e+01	2.931812e+01	2.931814e+01	2.931815e+01	2.931816e+01	2.931816e+01	2.931817e+01	2.931817e+01	2.931817e+01	2.931818e+01	2.931818e+01	2.931818e+01	2.931818e+01	2.931818e+01
	0	1.428571e+00	4.183673e+00	7.069971e+00	8.588088e+00	1.017850e+01	1.101501e+01	1.189136e+01	1.235229e+01	1.283518e+01	1.308917e+01	1.335524e+01	1.349520e+01	1.364181e+01	1.371893e+01	1.379972e+01	1.384221e+01	1.388672e+01	1.391014e+01	1.393467e+01	1.394757e+01	1.396108e+01	1.396819e+01	1.397564e+01	1.397956e+01	1.398366e+01	1.398582e+01	1.398808e+01	1.398927e+01	1.399052e+01	1.399117e+01	1.399186e+01	1.399222e+01	1.399260e+01	1.399280e+01	1.399301e+01	1.399312e+01	1.399323e+01	1.399329e+01	1.399335e+01	1.399339e+01	1.399342e+01	1.399344e+01	1.399346e+01	1.399347e+01	1.399348e+01	1.399349e+01	1.399349e+01	1.399350e+01	1.399350e+01	1.399350e+01	1.399350e+01	1.399350e+01	1.399350e+01	1.399350e+01	1.399351e+01	1.399351e+01


--------------------Solução-------------------------
	1.399351e+01	2.931818e+01	3.941558e+01	2.931818e+01	1.399351e+01
