Variavéis de entrada


A:
	7	-3	0	0	0
	-3	7	-3	0	0
	0	-3	7	-3	0
	0	0	-3	7	-3
	0	0	0	-3	7


X (inicial):
	0	0	0	0	0


B:
	10	45	100	45	10


--------------------Iterações-------------------------

Somatório 1
	1	1	1	7	0	0
	1	1	2	-3	0	0
	1	1	3	0	0	0
	1	1	4	0	0	0
	1	1	5	0	0	0

Somatório 2

Iteração
	1	1	10	0	1.571429e+00

Somatório 1
	1	2	2	7	0	0
	1	2	3	-3	0	0
	1	2	4	0	0	0
	1	2	5	0	0	0

Somatório 2
	1	2	1	-3	1.571429e+00	-4.714286e+00

Iteração
	1	2	4.971429e+01	0	7.812245e+00

Somatório 1
	1	3	3	7	0	0
	1	3	4	-3	0	0
	1	3	5	0	0	0

Somatório 2
	1	3	1	0	1.571429e+00	0
	1	3	2	-3	7.812245e+00	-2.343673e+01

Iteração
	1	3	1.234367e+02	0	1.939720e+01

Somatório 1
	1	4	4	7	0	0
	1	4	5	-3	0	0

Somatório 2
	1	4	1	0	1.571429e+00	0
	1	4	2	0	7.812245e+00	0
	1	4	3	-3	1.939720e+01	-5.819160e+01

Iteração
	1	4	1.031916e+02	0	1.621582e+01

Somatório 1
	1	5	5	7	0	0

Somatório 2
	1	5	1	0	1.571429e+00	0
	1	5	2	0	7.812245e+00	0
	1	5	3	0	1.939720e+01	0
	1	5	4	-3	1.621582e+01	-4.864747e+01

Iteração
	1	5	5.864747e+01	0	9.216031e+00

Somatório 1
	2	1	1	7	1.571429e+00	11
	2	1	2	-3	7.812245e+00	-1.243673e+01
	2	1	3	0	1.939720e+01	-1.243673e+01
	2	1	4	0	1.621582e+01	-1.243673e+01
	2	1	5	0	9.216031e+00	-1.243673e+01

Somatório 2

Iteração
	2	1	2.243673e+01	1.571429e+00	5.097201e+00

Somatório 1
	2	2	2	7	7.812245e+00	5.468571e+01
	2	2	3	-3	1.939720e+01	-3.505889e+00
	2	2	4	0	1.621582e+01	-3.505889e+00
	2	2	5	0	9.216031e+00	-3.505889e+00

Somatório 2
	2	2	1	-3	5.097201e+00	-1.529160e+01

Iteração
	2	2	6.379749e+01	7.812245e+00	1.783757e+01

Somatório 1
	2	3	3	7	1.939720e+01	1.357804e+02
	2	3	4	-3	1.621582e+01	8.713294e+01
	2	3	5	0	9.216031e+00	8.713294e+01

Somatório 2
	2	3	1	0	5.097201e+00	0
	2	3	2	-3	1.783757e+01	-5.351270e+01

Iteração
	2	3	6.637976e+01	1.939720e+01	2.982831e+01

Somatório 1
	2	4	4	7	1.621582e+01	1.135108e+02
	2	4	5	-3	9.216031e+00	8.586267e+01

Somatório 2
	2	4	1	0	5.097201e+00	0
	2	4	2	0	1.783757e+01	0
	2	4	3	-3	2.982831e+01	-8.948492e+01

Iteração
	2	4	4.862225e+01	1.621582e+01	2.385646e+01

Somatório 1
	2	5	5	7	9.216031e+00	6.451222e+01

Somatório 2
	2	5	1	0	5.097201e+00	0
	2	5	2	0	1.783757e+01	0
	2	5	3	0	2.982831e+01	0
	2	5	4	-3	2.385646e+01	-7.156939e+01

Iteração
	2	5	1.705717e+01	9.216031e+00	1.189644e+01

Somatório 1
	3	1	1	7	5.097201e+00	3.568041e+01
	3	1	2	-3	1.783757e+01	-1.783229e+01
	3	1	3	0	2.982831e+01	-1.783229e+01
	3	1	4	0	2.385646e+01	-1.783229e+01
	3	1	5	0	1.189644e+01	-1.783229e+01

Somatório 2

Iteração
	3	1	2.783229e+01	5.097201e+00	9.470846e+00

Somatório 1
	3	2	2	7	1.783757e+01	1.248630e+02
	3	2	3	-3	2.982831e+01	3.537804e+01
	3	2	4	0	2.385646e+01	3.537804e+01
	3	2	5	0	1.189644e+01	3.537804e+01

Somatório 2
	3	2	1	-3	9.470846e+00	-2.841254e+01

Iteração
	3	2	3.803450e+01	1.783757e+01	2.381442e+01

Somatório 1
	3	3	3	7	2.982831e+01	2.087981e+02
	3	3	4	-3	2.385646e+01	1.372288e+02
	3	3	5	0	1.189644e+01	1.372288e+02

Somatório 2
	3	3	1	0	9.470846e+00	0
	3	3	2	-3	2.381442e+01	-7.144325e+01

Iteração
	3	3	3.421449e+01	2.982831e+01	3.520487e+01

Somatório 1
	3	4	4	7	2.385646e+01	1.669952e+02
	3	4	5	-3	1.189644e+01	1.313059e+02

Somatório 2
	3	4	1	0	9.470846e+00	0
	3	4	2	0	2.381442e+01	0
	3	4	3	-3	3.520487e+01	-1.056146e+02

Iteração
	3	4	1.930870e+01	2.385646e+01	2.689069e+01

Somatório 1
	3	5	5	7	1.189644e+01	8.327510e+01

Somatório 2
	3	5	1	0	9.470846e+00	0
	3	5	2	0	2.381442e+01	0
	3	5	3	0	3.520487e+01	0
	3	5	4	-3	2.689069e+01	-8.067206e+01

Iteração
	3	5	7.396956e+00	1.189644e+01	1.305882e+01

Somatório 1
	4	1	1	7	9.470846e+00	6.629592e+01
	4	1	2	-3	2.381442e+01	-5.147322e+00
	4	1	3	0	3.520487e+01	-5.147322e+00
	4	1	4	0	2.689069e+01	-5.147322e+00
	4	1	5	0	1.305882e+01	-5.147322e+00

Somatório 2

Iteração
	4	1	1.514732e+01	9.470846e+00	1.185114e+01

Somatório 1
	4	2	2	7	2.381442e+01	1.667009e+02
	4	2	3	-3	3.520487e+01	6.108630e+01
	4	2	4	0	2.689069e+01	6.108630e+01
	4	2	5	0	1.305882e+01	6.108630e+01

Somatório 2
	4	2	1	-3	1.185114e+01	-3.555342e+01

Iteração
	4	2	1.946712e+01	2.381442e+01	2.687353e+01

Somatório 1
	4	3	3	7	3.520487e+01	2.464341e+02
	4	3	4	-3	2.689069e+01	1.657620e+02
	4	3	5	0	1.305882e+01	1.657620e+02

Somatório 2
	4	3	1	0	1.185114e+01	0
	4	3	2	-3	2.687353e+01	-8.062060e+01

Iteração
	4	3	1.485858e+01	3.520487e+01	3.753979e+01

Somatório 1
	4	4	4	7	2.689069e+01	1.882348e+02
	4	4	5	-3	1.305882e+01	1.490583e+02

Somatório 2
	4	4	1	0	1.185114e+01	0
	4	4	2	0	2.687353e+01	0
	4	4	3	-3	3.753979e+01	-1.126194e+02

Iteração
	4	4	8.561026e+00	2.689069e+01	2.823599e+01

Somatório 1
	4	5	5	7	1.305882e+01	9.141176e+01

Somatório 2
	4	5	1	0	1.185114e+01	0
	4	5	2	0	2.687353e+01	0
	4	5	3	0	3.753979e+01	0
	4	5	4	-3	2.823599e+01	-8.470797e+01

Iteração
	4	5	3.296216e+00	1.305882e+01	1.357680e+01

Somatório 1
	5	1	1	7	1.185114e+01	8.295798e+01
	5	1	2	-3	2.687353e+01	2.337376e+00
	5	1	3	0	3.753979e+01	2.337376e+00
	5	1	4	0	2.823599e+01	2.337376e+00
	5	1	5	0	1.357680e+01	2.337376e+00

Somatório 2

Iteração
	5	1	7.662624e+00	1.185114e+01	1.305527e+01

Somatório 1
	5	2	2	7	2.687353e+01	1.881147e+02
	5	2	3	-3	3.753979e+01	7.549537e+01
	5	2	4	0	2.823599e+01	7.549537e+01
	5	2	5	0	1.357680e+01	7.549537e+01

Somatório 2
	5	2	1	-3	1.305527e+01	-3.916580e+01

Iteração
	5	2	8.670427e+00	2.687353e+01	2.823603e+01

Somatório 1
	5	3	3	7	3.753979e+01	2.627785e+02
	5	3	4	-3	2.823599e+01	1.780705e+02
	5	3	5	0	1.357680e+01	1.780705e+02

Somatório 2
	5	3	1	0	1.305527e+01	0
	5	3	2	-3	2.823603e+01	-8.470809e+01

Iteração
	5	3	6.637541e+00	3.753979e+01	3.858283e+01

Somatório 1
	5	4	4	7	2.823599e+01	1.976519e+02
	5	4	5	-3	1.357680e+01	1.569215e+02

Somatório 2
	5	4	1	0	1.305527e+01	0
	5	4	2	0	2.823603e+01	0
	5	4	3	-3	3.858283e+01	-1.157485e+02

Iteração
	5	4	3.826955e+00	2.823599e+01	2.883737e+01

Somatório 1
	5	5	5	7	1.357680e+01	9.503759e+01

Somatório 2
	5	5	1	0	1.305527e+01	0
	5	5	2	0	2.823603e+01	0
	5	5	3	0	3.858283e+01	0
	5	5	4	-3	2.883737e+01	-8.651211e+01

Iteração
	5	5	1.474514e+00	1.357680e+01	1.380851e+01

Somatório 1
	6	1	1	7	1.305527e+01	9.138686e+01
	6	1	2	-3	2.823603e+01	6.678775e+00
	6	1	3	0	3.858283e+01	6.678775e+00
	6	1	4	0	2.883737e+01	6.678775e+00
	6	1	5	0	1.380851e+01	6.678775e+00

Somatório 2

Iteração
	6	1	3.321225e+00	1.305527e+01	1.357717e+01

Somatório 1
	6	2	2	7	2.823603e+01	1.976522e+02
	6	2	3	-3	3.858283e+01	8.190372e+01
	6	2	4	0	2.883737e+01	8.190372e+01
	6	2	5	0	1.380851e+01	8.190372e+01

Somatório 2
	6	2	1	-3	1.357717e+01	-4.073152e+01

Iteração
	6	2	3.827804e+00	2.823603e+01	2.883754e+01

Somatório 1
	6	3	3	7	3.858283e+01	2.700798e+02
	6	3	4	-3	2.883737e+01	1.835677e+02
	6	3	5	0	1.380851e+01	1.835677e+02

Somatório 2
	6	3	1	0	1.357717e+01	0
	6	3	2	-3	2.883754e+01	-8.651262e+01

Iteração
	6	3	2.944918e+00	3.858283e+01	3.904560e+01

Somatório 1
	6	4	4	7	2.883737e+01	2.018616e+02
	6	4	5	-3	1.380851e+01	1.604361e+02

Somatório 2
	6	4	1	0	1.357717e+01	0
	6	4	2	0	2.883754e+01	0
	6	4	3	-3	3.904560e+01	-1.171368e+02

Iteração
	6	4	1.700751e+00	2.883737e+01	2.910463e+01

Somatório 1
	6	5	5	7	1.380851e+01	9.665956e+01

Somatório 2
	6	5	1	0	1.357717e+01	0
	6	5	2	0	2.883754e+01	0
	6	5	3	0	3.904560e+01	0
	6	5	4	-3	2.910463e+01	-8.731389e+01

Iteração
	6	5	6.543312e-01	1.380851e+01	1.391133e+01

Somatório 1
	7	1	1	7	1.357717e+01	9.504021e+01
	7	1	2	-3	2.883754e+01	8.527586e+00
	7	1	3	0	3.904560e+01	8.527586e+00
	7	1	4	0	2.910463e+01	8.527586e+00
	7	1	5	0	1.391133e+01	8.527586e+00

Somatório 2

Iteração
	7	1	1.472414e+00	1.357717e+01	1.380855e+01

Somatório 1
	7	2	2	7	2.883754e+01	2.018628e+02
	7	2	3	-3	3.904560e+01	8.472598e+01
	7	2	4	0	2.910463e+01	8.472598e+01
	7	2	5	0	1.391133e+01	8.472598e+01

Somatório 2
	7	2	1	-3	1.380855e+01	-4.142566e+01

Iteração
	7	2	1.699676e+00	2.883754e+01	2.910463e+01

Somatório 1
	7	3	3	7	3.904560e+01	2.733192e+02
	7	3	4	-3	2.910463e+01	1.860053e+02
	7	3	5	0	1.391133e+01	1.860053e+02

Somatório 2
	7	3	1	0	1.380855e+01	0
	7	3	2	-3	2.910463e+01	-8.731390e+01

Iteração
	7	3	1.308567e+00	3.904560e+01	3.925124e+01

Somatório 1
	7	4	4	7	2.910463e+01	2.037324e+02
	7	4	5	-3	1.391133e+01	1.619984e+02

Somatório 2
	7	4	1	0	1.380855e+01	0
	7	4	2	0	2.910463e+01	0
	7	4	3	-3	3.925124e+01	-1.177537e+02

Iteração
	7	4	7.552910e-01	2.910463e+01	2.922332e+01

Somatório 1
	7	5	5	7	1.391133e+01	9.737932e+01

Somatório 2
	7	5	1	0	1.380855e+01	0
	7	5	2	0	2.910463e+01	0
	7	5	3	0	3.925124e+01	0
	7	5	4	-3	2.922332e+01	-8.766996e+01

Iteração
	7	5	2.906326e-01	1.391133e+01	1.395700e+01

Somatório 1
	8	1	1	7	1.380855e+01	9.665987e+01
	8	1	2	-3	2.910463e+01	9.345966e+00
	8	1	3	0	3.925124e+01	9.345966e+00
	8	1	4	0	2.922332e+01	9.345966e+00
	8	1	5	0	1.395700e+01	9.345966e+00

Somatório 2

Iteração
	8	1	6.540344e-01	1.380855e+01	1.391133e+01

Somatório 1
	8	2	2	7	2.910463e+01	2.037324e+02
	8	2	3	-3	3.925124e+01	8.597873e+01
	8	2	4	0	2.922332e+01	8.597873e+01
	8	2	5	0	1.395700e+01	8.597873e+01

Somatório 2
	8	2	1	-3	1.391133e+01	-4.173399e+01

Iteração
	8	2	7.552586e-01	2.910463e+01	2.922332e+01

Somatório 1
	8	3	3	7	3.925124e+01	2.747586e+02
	8	3	4	-3	2.922332e+01	1.870887e+02
	8	3	5	0	1.395700e+01	1.870887e+02

Somatório 2
	8	3	1	0	1.391133e+01	0
	8	3	2	-3	2.922332e+01	-8.766995e+01

Iteração
	8	3	5.812596e-01	3.925124e+01	3.934258e+01

Somatório 1
	8	4	4	7	2.922332e+01	2.045632e+02
	8	4	5	-3	1.395700e+01	1.626922e+02

Somatório 2
	8	4	1	0	1.391133e+01	0
	8	4	2	0	2.922332e+01	0
	8	4	3	-3	3.934258e+01	-1.180277e+02

Iteração
	8	4	3.355058e-01	2.922332e+01	2.927604e+01

Somatório 1
	8	5	5	7	1.395700e+01	9.769902e+01

Somatório 2
	8	5	1	0	1.391133e+01	0
	8	5	2	0	2.922332e+01	0
	8	5	3	0	3.934258e+01	0
	8	5	4	-3	2.927604e+01	-8.782812e+01

Iteração
	8	5	1.291038e-01	1.395700e+01	1.397729e+01

Somatório 1
	9	1	1	7	1.391133e+01	9.737930e+01
	9	1	2	-3	2.922332e+01	9.709353e+00
	9	1	3	0	3.934258e+01	9.709353e+00
	9	1	4	0	2.927604e+01	9.709353e+00
	9	1	5	0	1.397729e+01	9.709353e+00

Somatório 2

Iteração
	9	1	2.906470e-01	1.391133e+01	1.395700e+01

Somatório 1
	9	2	2	7	2.922332e+01	2.045632e+02
	9	2	3	-3	3.934258e+01	8.653549e+01
	9	2	4	0	2.927604e+01	8.653549e+01
	9	2	5	0	1.397729e+01	8.653549e+01

Somatório 2
	9	2	1	-3	1.395700e+01	-4.187101e+01

Iteração
	9	2	3.355158e-01	2.922332e+01	2.927604e+01

Somatório 1
	9	3	3	7	3.934258e+01	2.753980e+02
	9	3	4	-3	2.927604e+01	1.875699e+02
	9	3	5	0	1.397729e+01	1.875699e+02

Somatório 2
	9	3	1	0	1.395700e+01	0
	9	3	2	-3	2.927604e+01	-8.782812e+01

Iteração
	9	3	2.582128e-01	3.934258e+01	3.938315e+01

Somatório 1
	9	4	4	7	2.927604e+01	2.049323e+02
	9	4	5	-3	1.397729e+01	1.630004e+02

Somatório 2
	9	4	1	0	1.395700e+01	0
	9	4	2	0	2.927604e+01	0
	9	4	3	-3	3.938315e+01	-1.181495e+02

Iteração
	9	4	1.490415e-01	2.927604e+01	2.929946e+01

Somatório 1
	9	5	5	7	1.397729e+01	9.784103e+01

Somatório 2
	9	5	1	0	1.395700e+01	0
	9	5	2	0	2.927604e+01	0
	9	5	3	0	3.938315e+01	0
	9	5	4	-3	2.929946e+01	-8.789839e+01

Iteração
	9	5	5.735205e-02	1.397729e+01	1.398630e+01

Somatório 1
	10	1	1	7	1.395700e+01	9.769902e+01
	10	1	2	-3	2.927604e+01	9.870893e+00
	10	1	3	0	3.938315e+01	9.870893e+00
	10	1	4	0	2.929946e+01	9.870893e+00
	10	1	5	0	1.398630e+01	9.870893e+00

Somatório 2

Iteração
	10	1	1.291070e-01	1.395700e+01	1.397729e+01

Somatório 1
	10	2	2	7	2.927604e+01	2.049323e+02
	10	2	3	-3	3.938315e+01	8.678283e+01
	10	2	4	0	2.929946e+01	8.678283e+01
	10	2	5	0	1.398630e+01	8.678283e+01

Somatório 2
	10	2	1	-3	1.397729e+01	-4.193187e+01

Iteração
	10	2	1.490421e-01	2.927604e+01	2.929946e+01

Somatório 1
	10	3	3	7	3.938315e+01	2.756821e+02
	10	3	4	-3	2.929946e+01	1.877837e+02
	10	3	5	0	1.398630e+01	1.877837e+02

Somatório 2
	10	3	1	0	1.397729e+01	0
	10	3	2	-3	2.929946e+01	-8.789839e+01

Iteração
	10	3	1.147038e-01	3.938315e+01	3.940118e+01

Somatório 1
	10	4	4	7	2.929946e+01	2.050962e+02
	10	4	5	-3	1.398630e+01	1.631373e+02

Somatório 2
	10	4	1	0	1.397729e+01	0
	10	4	2	0	2.929946e+01	0
	10	4	3	-3	3.940118e+01	-1.182035e+02

Iteração
	10	4	6.620791e-02	2.929946e+01	2.930987e+01

Somatório 1
	10	5	5	7	1.398630e+01	9.790412e+01

Somatório 2
	10	5	1	0	1.397729e+01	0
	10	5	2	0	2.929946e+01	0
	10	5	3	0	3.940118e+01	0
	10	5	4	-3	2.930987e+01	-8.792960e+01

Iteração
	10	5	2.547710e-02	1.398630e+01	1.399031e+01

Somatório 1
	11	1	1	7	1.397729e+01	9.784103e+01
	11	1	2	-3	2.929946e+01	9.942648e+00
	11	1	3	0	3.940118e+01	9.942648e+00
	11	1	4	0	2.930987e+01	9.942648e+00
	11	1	5	0	1.399031e+01	9.942648e+00

Somatório 2

Iteração
	11	1	5.735198e-02	1.397729e+01	1.398630e+01

Somatório 1
	11	2	2	7	2.929946e+01	2.050962e+02
	11	2	3	-3	3.940118e+01	8.689270e+01
	11	2	4	0	2.930987e+01	8.689270e+01
	11	2	5	0	1.399031e+01	8.689270e+01

Somatório 2
	11	2	1	-3	1.398630e+01	-4.195891e+01

Iteração
	11	2	6.620782e-02	2.929946e+01	2.930987e+01

Somatório 1
	11	3	3	7	3.940118e+01	2.758082e+02
	11	3	4	-3	2.930987e+01	1.878786e+02
	11	3	5	0	1.399031e+01	1.878786e+02

Somatório 2
	11	3	1	0	1.398630e+01	0
	11	3	2	-3	2.930987e+01	-8.792960e+01

Iteração
	11	3	5.095418e-02	3.940118e+01	3.940918e+01

Somatório 1
	11	4	4	7	2.930987e+01	2.051691e+02
	11	4	5	-3	1.399031e+01	1.631981e+02

Somatório 2
	11	4	1	0	1.398630e+01	0
	11	4	2	0	2.930987e+01	0
	11	4	3	-3	3.940918e+01	-1.182276e+02

Iteração
	11	4	2.941109e-02	2.930987e+01	2.931449e+01

Somatório 1
	11	5	5	7	1.399031e+01	9.793215e+01

Somatório 2
	11	5	1	0	1.398630e+01	0
	11	5	2	0	2.930987e+01	0
	11	5	3	0	3.940918e+01	0
	11	5	4	-3	2.931449e+01	-8.794346e+01

Iteração
	11	5	1.131752e-02	1.399031e+01	1.399208e+01

Somatório 1
	12	1	1	7	1.398630e+01	9.790412e+01
	12	1	2	-3	2.930987e+01	9.974523e+00
	12	1	3	0	3.940918e+01	9.974523e+00
	12	1	4	0	2.931449e+01	9.974523e+00
	12	1	5	0	1.399208e+01	9.974523e+00

Somatório 2

Iteração
	12	1	2.547706e-02	1.398630e+01	1.399031e+01

Somatório 1
	12	2	2	7	2.930987e+01	2.051691e+02
	12	2	3	-3	3.940918e+01	8.694151e+01
	12	2	4	0	2.931449e+01	8.694151e+01
	12	2	5	0	1.399208e+01	8.694151e+01

Somatório 2
	12	2	1	-3	1.399031e+01	-4.197092e+01

Iteração
	12	2	2.941109e-02	2.930987e+01	2.931449e+01

Somatório 1
	12	3	3	7	3.940918e+01	2.758643e+02
	12	3	4	-3	2.931449e+01	1.879208e+02
	12	3	5	0	1.399208e+01	1.879208e+02

Somatório 2
	12	3	1	0	1.399031e+01	0
	12	3	2	-3	2.931449e+01	-8.794346e+01

Iteração
	12	3	2.263504e-02	3.940918e+01	3.941274e+01

Somatório 1
	12	4	4	7	2.931449e+01	2.052014e+02
	12	4	5	-3	1.399208e+01	1.632252e+02

Somatório 2
	12	4	1	0	1.399031e+01	0
	12	4	2	0	2.931449e+01	0
	12	4	3	-3	3.941274e+01	-1.182382e+02

Iteração
	12	4	1.306510e-02	2.931449e+01	2.931654e+01

Somatório 1
	12	5	5	7	1.399208e+01	9.794459e+01

Somatório 2
	12	5	1	0	1.399031e+01	0
	12	5	2	0	2.931449e+01	0
	12	5	3	0	3.941274e+01	0
	12	5	4	-3	2.931654e+01	-8.794962e+01

Iteração
	12	5	5.027508e-03	1.399208e+01	1.399288e+01

Somatório 1
	13	1	1	7	1.399031e+01	9.793215e+01
	13	1	2	-3	2.931449e+01	9.988682e+00
	13	1	3	0	3.941274e+01	9.988682e+00
	13	1	4	0	2.931654e+01	9.988682e+00
	13	1	5	0	1.399288e+01	9.988682e+00

Somatório 2

Iteração
	13	1	1.131752e-02	1.399031e+01	1.399208e+01

Somatório 1
	13	2	2	7	2.931449e+01	2.052014e+02
	13	2	3	-3	3.941274e+01	8.696319e+01
	13	2	4	0	2.931654e+01	8.696319e+01
	13	2	5	0	1.399288e+01	8.696319e+01

Somatório 2
	13	2	1	-3	1.399208e+01	-4.197625e+01

Iteração
	13	2	1.306510e-02	2.931449e+01	2.931654e+01

Somatório 1
	13	3	3	7	3.941274e+01	2.758892e+02
	13	3	4	-3	2.931654e+01	1.879396e+02
	13	3	5	0	1.399288e+01	1.879396e+02

Somatório 2
	13	3	1	0	1.399208e+01	0
	13	3	2	-3	2.931654e+01	-8.794962e+01

Iteração
	13	3	1.005502e-02	3.941274e+01	3.941432e+01

Somatório 1
	13	4	4	7	2.931654e+01	2.052158e+02
	13	4	5	-3	1.399288e+01	1.632372e+02

Somatório 2
	13	4	1	0	1.399208e+01	0
	13	4	2	0	2.931654e+01	0
	13	4	3	-3	3.941432e+01	-1.182430e+02

Iteração
	13	4	5.803823e-03	2.931654e+01	2.931745e+01

Somatório 1
	13	5	5	7	1.399288e+01	9.795013e+01

Somatório 2
	13	5	1	0	1.399208e+01	0
	13	5	2	0	2.931654e+01	0
	13	5	3	0	3.941432e+01	0
	13	5	4	-3	2.931745e+01	-8.795236e+01

Iteração
	13	5	2.233337e-03	1.399288e+01	1.399323e+01

Somatório 1
	14	1	1	7	1.399208e+01	9.794459e+01
	14	1	2	-3	2.931654e+01	9.994972e+00
	14	1	3	0	3.941432e+01	9.994972e+00
	14	1	4	0	2.931745e+01	9.994972e+00
	14	1	5	0	1.399323e+01	9.994972e+00

Somatório 2

Iteração
	14	1	5.027509e-03	1.399208e+01	1.399288e+01

Somatório 1
	14	2	2	7	2.931654e+01	2.052158e+02
	14	2	3	-3	3.941432e+01	8.697282e+01
	14	2	4	0	2.931745e+01	8.697282e+01
	14	2	5	0	1.399323e+01	8.697282e+01

Somatório 2
	14	2	1	-3	1.399288e+01	-4.197863e+01

Iteração
	14	2	5.803824e-03	2.931654e+01	2.931745e+01

Somatório 1
	14	3	3	7	3.941432e+01	2.759003e+02
	14	3	4	-3	2.931745e+01	1.879479e+02
	14	3	5	0	1.399323e+01	1.879479e+02

Somatório 2
	14	3	1	0	1.399288e+01	0
	14	3	2	-3	2.931745e+01	-8.795236e+01

Iteração
	14	3	4.466675e-03	3.941432e+01	3.941502e+01

Somatório 1
	14	4	4	7	2.931745e+01	2.052222e+02
	14	4	5	-3	1.399323e+01	1.632425e+02

Somatório 2
	14	4	1	0	1.399288e+01	0
	14	4	2	0	2.931745e+01	0
	14	4	3	-3	3.941502e+01	-1.182451e+02

Iteração
	14	4	2.578195e-03	2.931745e+01	2.931786e+01

Somatório 1
	14	5	5	7	1.399323e+01	9.795258e+01

Somatório 2
	14	5	1	0	1.399288e+01	0
	14	5	2	0	2.931745e+01	0
	14	5	3	0	3.941502e+01	0
	14	5	4	-3	2.931786e+01	-8.795357e+01

Iteração
	14	5	9.921010e-04	1.399323e+01	1.399338e+01

Somatório 1
	15	1	1	7	1.399288e+01	9.795013e+01
	15	1	2	-3	2.931745e+01	9.997767e+00
	15	1	3	0	3.941502e+01	9.997767e+00
	15	1	4	0	2.931786e+01	9.997767e+00
	15	1	5	0	1.399338e+01	9.997767e+00

Somatório 2

Iteração
	15	1	2.233337e-03	1.399288e+01	1.399323e+01

Somatório 1
	15	2	2	7	2.931745e+01	2.052222e+02
	15	2	3	-3	3.941502e+01	8.697710e+01
	15	2	4	0	2.931786e+01	8.697710e+01
	15	2	5	0	1.399338e+01	8.697710e+01

Somatório 2
	15	2	1	-3	1.399323e+01	-4.197968e+01

Iteração
	15	2	2.578195e-03	2.931745e+01	2.931786e+01

Somatório 1
	15	3	3	7	3.941502e+01	2.759052e+02
	15	3	4	-3	2.931786e+01	1.879516e+02
	15	3	5	0	1.399338e+01	1.879516e+02

Somatório 2
	15	3	1	0	1.399323e+01	0
	15	3	2	-3	2.931786e+01	-8.795357e+01

Iteração
	15	3	1.984202e-03	3.941502e+01	3.941534e+01

Somatório 1
	15	4	4	7	2.931786e+01	2.052250e+02
	15	4	5	-3	1.399338e+01	1.632449e+02

Somatório 2
	15	4	1	0	1.399323e+01	0
	15	4	2	0	2.931786e+01	0
	15	4	3	-3	3.941534e+01	-1.182460e+02

Iteração
	15	4	1.145295e-03	2.931786e+01	2.931804e+01

Somatório 1
	15	5	5	7	1.399338e+01	9.795367e+01

Somatório 2
	15	5	1	0	1.399323e+01	0
	15	5	2	0	2.931786e+01	0
	15	5	3	0	3.941534e+01	0
	15	5	4	-3	2.931804e+01	-8.795411e+01

Iteração
	15	5	4.407146e-04	1.399338e+01	1.399345e+01

Somatório 1
	16	1	1	7	1.399323e+01	9.795258e+01
	16	1	2	-3	2.931786e+01	9.999008e+00
	16	1	3	0	3.941534e+01	9.999008e+00
	16	1	4	0	2.931804e+01	9.999008e+00
	16	1	5	0	1.399345e+01	9.999008e+00

Somatório 2

Iteração
	16	1	9.921010e-04	1.399323e+01	1.399338e+01

Somatório 1
	16	2	2	7	2.931786e+01	2.052250e+02
	16	2	3	-3	3.941534e+01	8.697900e+01
	16	2	4	0	2.931804e+01	8.697900e+01
	16	2	5	0	1.399345e+01	8.697900e+01

Somatório 2
	16	2	1	-3	1.399338e+01	-4.198015e+01

Iteração
	16	2	1.145295e-03	2.931786e+01	2.931804e+01

Somatório 1
	16	3	3	7	3.941534e+01	2.759073e+02
	16	3	4	-3	2.931804e+01	1.879532e+02
	16	3	5	0	1.399345e+01	1.879532e+02

Somatório 2
	16	3	1	0	1.399338e+01	0
	16	3	2	-3	2.931804e+01	-8.795411e+01

Iteração
	16	3	8.814291e-04	3.941534e+01	3.941547e+01

Somatório 1
	16	4	4	7	2.931804e+01	2.052263e+02
	16	4	5	-3	1.399345e+01	1.632459e+02

Somatório 2
	16	4	1	0	1.399338e+01	0
	16	4	2	0	2.931804e+01	0
	16	4	3	-3	3.941547e+01	-1.182464e+02

Iteração
	16	4	5.087668e-04	2.931804e+01	2.931812e+01

Somatório 1
	16	5	5	7	1.399345e+01	9.795416e+01

Somatório 2
	16	5	1	0	1.399338e+01	0
	16	5	2	0	2.931804e+01	0
	16	5	3	0	3.941547e+01	0
	16	5	4	-3	2.931812e+01	-8.795435e+01

Iteração
	16	5	1.957758e-04	1.399345e+01	1.399348e+01

Somatório 1
	17	1	1	7	1.399338e+01	9.795367e+01
	17	1	2	-3	2.931804e+01	9.999559e+00
	17	1	3	0	3.941547e+01	9.999559e+00
	17	1	4	0	2.931812e+01	9.999559e+00
	17	1	5	0	1.399348e+01	9.999559e+00

Somatório 2

Iteração
	17	1	4.407146e-04	1.399338e+01	1.399345e+01

Somatório 1
	17	2	2	7	2.931804e+01	2.052263e+02
	17	2	3	-3	3.941547e+01	8.697984e+01
	17	2	4	0	2.931812e+01	8.697984e+01
	17	2	5	0	1.399348e+01	8.697984e+01

Somatório 2
	17	2	1	-3	1.399345e+01	-4.198035e+01

Iteração
	17	2	5.087668e-04	2.931804e+01	2.931812e+01

Somatório 1
	17	3	3	7	3.941547e+01	2.759083e+02
	17	3	4	-3	2.931812e+01	1.879540e+02
	17	3	5	0	1.399348e+01	1.879540e+02

Somatório 2
	17	3	1	0	1.399345e+01	0
	17	3	2	-3	2.931812e+01	-8.795435e+01

Iteração
	17	3	3.915515e-04	3.941547e+01	3.941554e+01

Somatório 1
	17	4	4	7	2.931812e+01	2.052268e+02
	17	4	5	-3	1.399348e+01	1.632464e+02

Somatório 2
	17	4	1	0	1.399345e+01	0
	17	4	2	0	2.931812e+01	0
	17	4	3	-3	3.941554e+01	-1.182466e+02

Iteração
	17	4	2.260062e-04	2.931812e+01	2.931815e+01

Somatório 1
	17	5	5	7	1.399348e+01	9.795437e+01

Somatório 2
	17	5	1	0	1.399345e+01	0
	17	5	2	0	2.931812e+01	0
	17	5	3	0	3.941554e+01	0
	17	5	4	-3	2.931815e+01	-8.795446e+01

Iteração
	17	5	8.696820e-05	1.399348e+01	1.399350e+01

Somatório 1
	18	1	1	7	1.399345e+01	9.795416e+01
	18	1	2	-3	2.931812e+01	9.999804e+00
	18	1	3	0	3.941554e+01	9.999804e+00
	18	1	4	0	2.931815e+01	9.999804e+00
	18	1	5	0	1.399350e+01	9.999804e+00

Somatório 2

Iteração
	18	1	1.957758e-04	1.399345e+01	1.399348e+01

Somatório 1
	18	2	2	7	2.931812e+01	2.052268e+02
	18	2	3	-3	3.941554e+01	8.698022e+01
	18	2	4	0	2.931815e+01	8.698022e+01
	18	2	5	0	1.399350e+01	8.698022e+01

Somatório 2
	18	2	1	-3	1.399348e+01	-4.198045e+01

Iteração
	18	2	2.260062e-04	2.931812e+01	2.931815e+01

Somatório 1
	18	3	3	7	3.941554e+01	2.759087e+02
	18	3	4	-3	2.931815e+01	1.879543e+02
	18	3	5	0	1.399350e+01	1.879543e+02

Somatório 2
	18	3	1	0	1.399348e+01	0
	18	3	2	-3	2.931815e+01	-8.795446e+01

Iteração
	18	3	1.739364e-04	3.941554e+01	3.941556e+01

Somatório 1
	18	4	4	7	2.931815e+01	2.052271e+02
	18	4	5	-3	1.399350e+01	1.632466e+02

Somatório 2
	18	4	1	0	1.399348e+01	0
	18	4	2	0	2.931815e+01	0
	18	4	3	-3	3.941556e+01	-1.182467e+02

Iteração
	18	4	1.003973e-04	2.931815e+01	2.931817e+01

Somatório 1
	18	5	5	7	1.399350e+01	9.795447e+01

Somatório 2
	18	5	1	0	1.399348e+01	0
	18	5	2	0	2.931815e+01	0
	18	5	3	0	3.941556e+01	0
	18	5	4	-3	2.931817e+01	-8.795451e+01

Iteração
	18	5	3.863332e-05	1.399350e+01	1.399350e+01

Somatório 1
	19	1	1	7	1.399348e+01	9.795437e+01
	19	1	2	-3	2.931815e+01	9.999913e+00
	19	1	3	0	3.941556e+01	9.999913e+00
	19	1	4	0	2.931817e+01	9.999913e+00
	19	1	5	0	1.399350e+01	9.999913e+00

Somatório 2

Iteração
	19	1	8.696820e-05	1.399348e+01	1.399350e+01

Somatório 1
	19	2	2	7	2.931815e+01	2.052271e+02
	19	2	3	-3	3.941556e+01	8.698039e+01
	19	2	4	0	2.931817e+01	8.698039e+01
	19	2	5	0	1.399350e+01	8.698039e+01

Somatório 2
	19	2	1	-3	1.399350e+01	-4.198049e+01

Iteração
	19	2	1.003973e-04	2.931815e+01	2.931817e+01

Somatório 1
	19	3	3	7	3.941556e+01	2.759089e+02
	19	3	4	-3	2.931817e+01	1.879544e+02
	19	3	5	0	1.399350e+01	1.879544e+02

Somatório 2
	19	3	1	0	1.399350e+01	0
	19	3	2	-3	2.931817e+01	-8.795451e+01

Iteração
	19	3	7.726663e-05	3.941556e+01	3.941557e+01

Somatório 1
	19	4	4	7	2.931817e+01	2.052272e+02
	19	4	5	-3	1.399350e+01	1.632467e+02

Somatório 2
	19	4	1	0	1.399350e+01	0
	19	4	2	0	2.931817e+01	0
	19	4	3	-3	3.941557e+01	-1.182467e+02

Iteração
	19	4	4.459882e-05	2.931817e+01	2.931818e+01

Somatório 1
	19	5	5	7	1.399350e+01	9.795451e+01

Somatório 2
	19	5	1	0	1.399350e+01	0
	19	5	2	0	2.931817e+01	0
	19	5	3	0	3.941557e+01	0
	19	5	4	-3	2.931818e+01	-8.795453e+01

Iteração
	19	5	1.716183e-05	1.399350e+01	1.399350e+01

Somatório 1
	20	1	1	7	1.399350e+01	9.795447e+01
	20	1	2	-3	2.931817e+01	9.999961e+00
	20	1	3	0	3.941557e+01	9.999961e+00
	20	1	4	0	2.931818e+01	9.999961e+00
	20	1	5	0	1.399350e+01	9.999961e+00

Somatório 2

Iteração
	20	1	3.863332e-05	1.399350e+01	1.399350e+01

Somatório 1
	20	2	2	7	2.931817e+01	2.052272e+02
	20	2	3	-3	3.941557e+01	8.698046e+01
	20	2	4	0	2.931818e+01	8.698046e+01
	20	2	5	0	1.399350e+01	8.698046e+01

Somatório 2
	20	2	1	-3	1.399350e+01	-4.198050e+01

Iteração
	20	2	4.459882e-05	2.931817e+01	2.931818e+01

Somatório 1
	20	3	3	7	3.941557e+01	2.759090e+02
	20	3	4	-3	2.931818e+01	1.879545e+02
	20	3	5	0	1.399350e+01	1.879545e+02

Somatório 2
	20	3	1	0	1.399350e+01	0
	20	3	2	-3	2.931818e+01	-8.795453e+01

Iteração
	20	3	3.432366e-05	3.941557e+01	3.941558e+01

Somatório 1
	20	4	4	7	2.931818e+01	2.052272e+02
	20	4	5	-3	1.399350e+01	1.632467e+02

Somatório 2
	20	4	1	0	1.399350e+01	0
	20	4	2	0	2.931818e+01	0
	20	4	3	-3	3.941558e+01	-1.182467e+02

Iteração
	20	4	1.981185e-05	2.931818e+01	2.931818e+01

Somatório 1
	20	5	5	7	1.399350e+01	9.795453e+01

Somatório 2
	20	5	1	0	1.399350e+01	0
	20	5	2	0	2.931818e+01	0
	20	5	3	0	3.941558e+01	0
	20	5	4	-3	2.931818e+01	-8.795454e+01

Iteração
	20	5	7.623687e-06	1.399350e+01	1.399351e+01

Somatório 1
	21	1	1	7	1.399350e+01	9.795451e+01
	21	1	2	-3	2.931818e+01	9.999983e+00
	21	1	3	0	3.941558e+01	9.999983e+00
	21	1	4	0	2.931818e+01	9.999983e+00
	21	1	5	0	1.399351e+01	9.999983e+00

Somatório 2

Iteração
	21	1	1.716183e-05	1.399350e+01	1.399350e+01

Somatório 1
	21	2	2	7	2.931818e+01	2.052272e+02
	21	2	3	-3	3.941558e+01	8.698049e+01
	21	2	4	0	2.931818e+01	8.698049e+01
	21	2	5	0	1.399351e+01	8.698049e+01

Somatório 2
	21	2	1	-3	1.399350e+01	-4.198051e+01

Iteração
	21	2	1.981185e-05	2.931818e+01	2.931818e+01

Somatório 1
	21	3	3	7	3.941558e+01	2.759091e+02
	21	3	4	-3	2.931818e+01	1.879545e+02
	21	3	5	0	1.399351e+01	1.879545e+02

Somatório 2
	21	3	1	0	1.399350e+01	0
	21	3	2	-3	2.931818e+01	-8.795454e+01

Iteração
	21	3	1.524737e-05	3.941558e+01	3.941558e+01

Somatório 1
	21	4	4	7	2.931818e+01	2.052273e+02
	21	4	5	-3	1.399351e+01	1.632467e+02

Somatório 2
	21	4	1	0	1.399350e+01	0
	21	4	2	0	2.931818e+01	0
	21	4	3	-3	3.941558e+01	-1.182467e+02

Iteração
	21	4	8.800887e-06	2.931818e+01	2.931818e+01

Somatório 1
	21	5	5	7	1.399351e+01	9.795454e+01

Somatório 2
	21	5	1	0	1.399350e+01	0
	21	5	2	0	2.931818e+01	0
	21	5	3	0	3.941558e+01	0
	21	5	4	-3	2.931818e+01	-8.795454e+01

Iteração
	21	5	3.386621e-06	1.399351e+01	1.399351e+01

Somatório 1
	22	1	1	7	1.399350e+01	9.795453e+01
	22	1	2	-3	2.931818e+01	9.999992e+00
	22	1	3	0	3.941558e+01	9.999992e+00
	22	1	4	0	2.931818e+01	9.999992e+00
	22	1	5	0	1.399351e+01	9.999992e+00

Somatório 2

Iteração
	22	1	7.623687e-06	1.399350e+01	1.399351e+01

Somatório 1
	22	2	2	7	2.931818e+01	2.052273e+02
	22	2	3	-3	3.941558e+01	8.698051e+01
	22	2	4	0	2.931818e+01	8.698051e+01
	22	2	5	0	1.399351e+01	8.698051e+01

Somatório 2
	22	2	1	-3	1.399351e+01	-4.198052e+01

Iteração
	22	2	8.800887e-06	2.931818e+01	2.931818e+01

Somatório 1
	22	3	3	7	3.941558e+01	2.759091e+02
	22	3	4	-3	2.931818e+01	1.879545e+02
	22	3	5	0	1.399351e+01	1.879545e+02

Somatório 2
	22	3	1	0	1.399351e+01	0
	22	3	2	-3	2.931818e+01	-8.795454e+01

Iteração
	22	3	6.773242e-06	3.941558e+01	3.941558e+01

Somatório 1
	22	4	4	7	2.931818e+01	2.052273e+02
	22	4	5	-3	1.399351e+01	1.632467e+02

Somatório 2
	22	4	1	0	1.399351e+01	0
	22	4	2	0	2.931818e+01	0
	22	4	3	-3	3.941558e+01	-1.182468e+02

Iteração
	22	4	3.909561e-06	2.931818e+01	2.931818e+01

Somatório 1
	22	5	5	7	1.399351e+01	9.795454e+01

Somatório 2
	22	5	1	0	1.399351e+01	0
	22	5	2	0	2.931818e+01	0
	22	5	3	0	3.941558e+01	0
	22	5	4	-3	2.931818e+01	-8.795454e+01

Iteração
	22	5	1.504417e-06	1.399351e+01	1.399351e+01

Somatório 1
	23	1	1	7	1.399351e+01	9.795454e+01
	23	1	2	-3	2.931818e+01	9.999997e+00
	23	1	3	0	3.941558e+01	9.999997e+00
	23	1	4	0	2.931818e+01	9.999997e+00
	23	1	5	0	1.399351e+01	9.999997e+00

Somatório 2

Iteração
	23	1	3.386621e-06	1.399351e+01	1.399351e+01

Somatório 1
	23	2	2	7	2.931818e+01	2.052273e+02
	23	2	3	-3	3.941558e+01	8.698051e+01
	23	2	4	0	2.931818e+01	8.698051e+01
	23	2	5	0	1.399351e+01	8.698051e+01

Somatório 2
	23	2	1	-3	1.399351e+01	-4.198052e+01

Iteração
	23	2	3.909561e-06	2.931818e+01	2.931818e+01

Somatório 1
	23	3	3	7	3.941558e+01	2.759091e+02
	23	3	4	-3	2.931818e+01	1.879545e+02
	23	3	5	0	1.399351e+01	1.879545e+02

Somatório 2
	23	3	1	0	1.399351e+01	0
	23	3	2	-3	2.931818e+01	-8.795454e+01

Iteração
	23	3	3.008833e-06	3.941558e+01	3.941558e+01

Somatório 1
	23	4	4	7	2.931818e+01	2.052273e+02
	23	4	5	-3	1.399351e+01	1.632468e+02

Somatório 2
	23	4	1	0	1.399351e+01	0
	23	4	2	0	2.931818e+01	0
	23	4	3	-3	3.941558e+01	-1.182468e+02

Iteração
	23	4	1.736719e-06	2.931818e+01	2.931818e+01

Somatório 1
	23	5	5	7	1.399351e+01	9.795454e+01

Somatório 2
	23	5	1	0	1.399351e+01	0
	23	5	2	0	2.931818e+01	0
	23	5	3	0	3.941558e+01	0
	23	5	4	-3	2.931818e+01	-8.795454e+01

Iteração
	23	5	6.682972e-07	1.399351e+01	1.399351e+01


--------------------Histórico de X(i)-------------------------
	0	1.571429e+00	5.097201e+00	9.470846e+00	1.185114e+01	1.305527e+01	1.357717e+01	1.380855e+01	1.391133e+01	1.395700e+01	1.397729e+01	1.398630e+01	1.399031e+01	1.399208e+01	1.399288e+01	1.399323e+01	1.399338e+01	1.399345e+01	1.399348e+01	1.399350e+01	1.399350e+01	1.399350e+01	1.399351e+01	1.399351e+01
	0	7.812245e+00	1.783757e+01	2.381442e+01	2.687353e+01	2.823603e+01	2.883754e+01	2.910463e+01	2.922332e+01	2.927604e+01	2.929946e+01	2.930987e+01	2.931449e+01	2.931654e+01	2.931745e+01	2.931786e+01	2.931804e+01	2.931812e+01	2.931815e+01	2.931817e+01	2.931818e+01	2.931818e+01	2.931818e+01	2.931818e+01
	0	1.939720e+01	2.982831e+01	3.520487e+01	3.753979e+01	3.858283e+01	3.904560e+01	3.925124e+01	3.934258e+01	3.938315e+01	3.940118e+01	3.940918e+01	3.941274e+01	3.941432e+01	3.941502e+01	3.941534e+01	3.941547e+01	3.941554e+01	3.941556e+01	3.941557e+01	3.941558e+01	3.941558e+01	3.941558e+01	3.941558e+01
	0	1.621582e+01	2.385646e+01	2.689069e+01	2.823599e+01	2.883737e+01	2.910463e+01	2.922332e+01	2.927604e+01	2.929946e+01	2.930987e+01	2.931449e+01	2.931654e+01	2.931745e+01	2.931786e+01	2.931804e+01	2.931812e+01	2.931815e+01	2.931817e+01	2.931818e+01	2.931818e+01	2.931818e+01	2.931818e+01	2.931818e+01
	0	9.216031e+00	1.189644e+01	1.305882e+01	1.357680e+01	1.380851e+01	1.391133e+01	1.395700e+01	1.397729e+01	1.398630e+01	1.399031e+01	1.399208e+01	1.399288e+01	1.399323e+01	1.399338e+01	1.399345e+01	1.399348e+01	1.399350e+01	1.399350e+01	1.399350e+01	1.399351e+01	1.399351e+01	1.399351e+01	1.399351e+01


--------------------Solução-------------------------
	1.399351e+01	2.931818e+01	3.941558e+01	2.931818e+01	1.399351e+01
