Variavéis de entrada


A:
	7	-3	0	0	0
	-3	7	-3	0	0
	0	-3	7	-3	0
	0	0	-3	7	-3
	0	0	0	-3	7


X (inicial):
	0	0	0	0	0


B:
	10	45	100	45	10


--------------------Iterações-------------------------

Somatório 1
	1	1	1	7	0	0
	1	1	2	-3	0	0
	1	1	3	0	0	0
	1	1	4	0	0	0
	1	1	5	0	0	0

Somatório 2

Iteração
	1	1	10	0	1.428571e+00

Somatório 1
	1	2	2	7	0	0
	1	2	3	-3	0	0
	1	2	4	0	0	0
	1	2	5	0	0	0

Somatório 2
	1	2	1	-3	1.428571e+00	-4.285714e+00

Iteração
	1	2	4.928571e+01	0	7.040816e+00

Somatório 1
	1	3	3	7	0	0
	1	3	4	-3	0	0
	1	3	5	0	0	0

Somatório 2
	1	3	1	0	1.428571e+00	0
	1	3	2	-3	7.040816e+00	-2.112245e+01

Iteração
	1	3	1.211224e+02	0	1.730321e+01

Somatório 1
	1	4	4	7	0	0
	1	4	5	-3	0	0

Somatório 2
	1	4	1	0	1.428571e+00	0
	1	4	2	0	7.040816e+00	0
	1	4	3	-3	1.730321e+01	-5.190962e+01

Iteração
	1	4	9.690962e+01	0	1.384423e+01

Somatório 1
	1	5	5	7	0	0

Somatório 2
	1	5	1	0	1.428571e+00	0
	1	5	2	0	7.040816e+00	0
	1	5	3	0	1.730321e+01	0
	1	5	4	-3	1.384423e+01	-4.153269e+01

Iteração
	1	5	5.153269e+01	0	7.361814e+00

Somatório 1
	2	1	1	7	1.428571e+00	10
	2	1	2	-3	7.040816e+00	-1.112245e+01
	2	1	3	0	1.730321e+01	-1.112245e+01
	2	1	4	0	1.384423e+01	-1.112245e+01
	2	1	5	0	7.361814e+00	-1.112245e+01

Somatório 2

Iteração
	2	1	2.112245e+01	1.428571e+00	4.446064e+00

Somatório 1
	2	2	2	7	7.040816e+00	4.928571e+01
	2	2	3	-3	1.730321e+01	-2.623907e+00
	2	2	4	0	1.384423e+01	-2.623907e+00
	2	2	5	0	7.361814e+00	-2.623907e+00

Somatório 2
	2	2	1	-3	4.446064e+00	-1.333819e+01

Iteração
	2	2	6.096210e+01	7.040816e+00	1.574969e+01

Somatório 1
	2	3	3	7	1.730321e+01	1.211224e+02
	2	3	4	-3	1.384423e+01	7.958975e+01
	2	3	5	0	7.361814e+00	7.958975e+01

Somatório 2
	2	3	1	0	4.446064e+00	0
	2	3	2	-3	1.574969e+01	-4.724906e+01

Iteração
	2	3	6.765931e+01	1.730321e+01	2.696882e+01

Somatório 1
	2	4	4	7	1.384423e+01	9.690962e+01
	2	4	5	-3	7.361814e+00	7.482418e+01

Somatório 2
	2	4	1	0	4.446064e+00	0
	2	4	2	0	1.574969e+01	0
	2	4	3	-3	2.696882e+01	-8.090647e+01

Iteração
	2	4	5.108229e+01	1.384423e+01	2.114170e+01

Somatório 1
	2	5	5	7	7.361814e+00	5.153269e+01

Somatório 2
	2	5	1	0	4.446064e+00	0
	2	5	2	0	1.574969e+01	0
	2	5	3	0	2.696882e+01	0
	2	5	4	-3	2.114170e+01	-6.342510e+01

Iteração
	2	5	2.189241e+01	7.361814e+00	1.048930e+01

Somatório 1
	3	1	1	7	4.446064e+00	3.112245e+01
	3	1	2	-3	1.574969e+01	-1.612661e+01
	3	1	3	0	2.696882e+01	-1.612661e+01
	3	1	4	0	2.114170e+01	-1.612661e+01
	3	1	5	0	1.048930e+01	-1.612661e+01

Somatório 2

Iteração
	3	1	2.612661e+01	4.446064e+00	8.178438e+00

Somatório 1
	3	2	2	7	1.574969e+01	1.102478e+02
	3	2	3	-3	2.696882e+01	2.934135e+01
	3	2	4	0	2.114170e+01	2.934135e+01
	3	2	5	0	1.048930e+01	2.934135e+01

Somatório 2
	3	2	1	-3	8.178438e+00	-2.453531e+01

Iteração
	3	2	4.019397e+01	1.574969e+01	2.149168e+01

Somatório 1
	3	3	3	7	2.696882e+01	1.887818e+02
	3	3	4	-3	2.114170e+01	1.253567e+02
	3	3	5	0	1.048930e+01	1.253567e+02

Somatório 2
	3	3	1	0	8.178438e+00	0
	3	3	2	-3	2.149168e+01	-6.447505e+01

Iteração
	3	3	3.911839e+01	2.696882e+01	3.255716e+01

Somatório 1
	3	4	4	7	2.114170e+01	1.479919e+02
	3	4	5	-3	1.048930e+01	1.165240e+02

Somatório 2
	3	4	1	0	8.178438e+00	0
	3	4	2	0	2.149168e+01	0
	3	4	3	-3	3.255716e+01	-9.767149e+01

Iteração
	3	4	2.614749e+01	2.114170e+01	2.487706e+01

Somatório 1
	3	5	5	7	1.048930e+01	7.342510e+01

Somatório 2
	3	5	1	0	8.178438e+00	0
	3	5	2	0	2.149168e+01	0
	3	5	3	0	3.255716e+01	0
	3	5	4	-3	2.487706e+01	-7.463117e+01

Iteração
	3	5	1.120607e+01	1.048930e+01	1.209017e+01

Somatório 1
	4	1	1	7	8.178438e+00	5.724906e+01
	4	1	2	-3	2.149168e+01	-7.225986e+00
	4	1	3	0	3.255716e+01	-7.225986e+00
	4	1	4	0	2.487706e+01	-7.225986e+00
	4	1	5	0	1.209017e+01	-7.225986e+00

Somatório 2

Iteração
	4	1	1.722599e+01	8.178438e+00	1.063929e+01

Somatório 1
	4	2	2	7	2.149168e+01	1.504418e+02
	4	2	3	-3	3.255716e+01	5.277029e+01
	4	2	4	0	2.487706e+01	5.277029e+01
	4	2	5	0	1.209017e+01	5.277029e+01

Somatório 2
	4	2	1	-3	1.063929e+01	-3.191788e+01

Iteração
	4	2	2.414759e+01	2.149168e+01	2.494134e+01

Somatório 1
	4	3	3	7	3.255716e+01	2.279002e+02
	4	3	4	-3	2.487706e+01	1.532690e+02
	4	3	5	0	1.209017e+01	1.532690e+02

Somatório 2
	4	3	1	0	1.063929e+01	0
	4	3	2	-3	2.494134e+01	-7.482402e+01

Iteração
	4	3	2.155503e+01	3.255716e+01	3.563646e+01

Somatório 1
	4	4	4	7	2.487706e+01	1.741394e+02
	4	4	5	-3	1.209017e+01	1.378689e+02

Somatório 2
	4	4	1	0	1.063929e+01	0
	4	4	2	0	2.494134e+01	0
	4	4	3	-3	3.563646e+01	-1.069094e+02

Iteração
	4	4	1.404047e+01	2.487706e+01	2.688284e+01

Somatório 1
	4	5	5	7	1.209017e+01	8.463117e+01

Somatório 2
	4	5	1	0	1.063929e+01	0
	4	5	2	0	2.494134e+01	0
	4	5	3	0	3.563646e+01	0
	4	5	4	-3	2.688284e+01	-8.064851e+01

Iteração
	4	5	6.017345e+00	1.209017e+01	1.294979e+01

Somatório 1
	5	1	1	7	1.063929e+01	7.447505e+01
	5	1	2	-3	2.494134e+01	-3.489678e-01
	5	1	3	0	3.563646e+01	-3.489678e-01
	5	1	4	0	2.688284e+01	-3.489678e-01
	5	1	5	0	1.294979e+01	-3.489678e-01

Somatório 2

Iteração
	5	1	1.034897e+01	1.063929e+01	1.211772e+01

Somatório 1
	5	2	2	7	2.494134e+01	1.745894e+02
	5	2	3	-3	3.563646e+01	6.768001e+01
	5	2	4	0	2.688284e+01	6.768001e+01
	5	2	5	0	1.294979e+01	6.768001e+01

Somatório 2
	5	2	1	-3	1.211772e+01	-3.635315e+01

Iteração
	5	2	1.367314e+01	2.494134e+01	2.689465e+01

Somatório 1
	5	3	3	7	3.563646e+01	2.494552e+02
	5	3	4	-3	2.688284e+01	1.688067e+02
	5	3	5	0	1.294979e+01	1.688067e+02

Somatório 2
	5	3	1	0	1.211772e+01	0
	5	3	2	-3	2.689465e+01	-8.068394e+01

Iteração
	5	3	1.187726e+01	3.563646e+01	3.733321e+01

Somatório 1
	5	4	4	7	2.688284e+01	1.881799e+02
	5	4	5	-3	1.294979e+01	1.493305e+02

Somatório 2
	5	4	1	0	1.211772e+01	0
	5	4	2	0	2.689465e+01	0
	5	4	3	-3	3.733321e+01	-1.119996e+02

Iteração
	5	4	7.669118e+00	2.688284e+01	2.797843e+01

Somatório 1
	5	5	5	7	1.294979e+01	9.064851e+01

Somatório 2
	5	5	1	0	1.211772e+01	0
	5	5	2	0	2.689465e+01	0
	5	5	3	0	3.733321e+01	0
	5	5	4	-3	2.797843e+01	-8.393528e+01

Iteração
	5	5	3.286765e+00	1.294979e+01	1.341933e+01

Somatório 1
	6	1	1	7	1.211772e+01	8.482402e+01
	6	1	2	-3	2.689465e+01	4.140081e+00
	6	1	3	0	3.733321e+01	4.140081e+00
	6	1	4	0	2.797843e+01	4.140081e+00
	6	1	5	0	1.341933e+01	4.140081e+00

Somatório 2

Iteração
	6	1	5.859919e+00	1.211772e+01	1.295485e+01

Somatório 1
	6	2	2	7	2.689465e+01	1.882625e+02
	6	2	3	-3	3.733321e+01	7.626289e+01
	6	2	4	0	2.797843e+01	7.626289e+01
	6	2	5	0	1.341933e+01	7.626289e+01

Somatório 2
	6	2	1	-3	1.295485e+01	-3.886454e+01

Iteração
	6	2	7.601649e+00	2.689465e+01	2.798059e+01

Somatório 1
	6	3	3	7	3.733321e+01	2.613324e+02
	6	3	4	-3	2.797843e+01	1.773972e+02
	6	3	5	0	1.341933e+01	1.773972e+02

Somatório 2
	6	3	1	0	1.295485e+01	0
	6	3	2	-3	2.798059e+01	-8.394178e+01

Iteração
	6	3	6.544615e+00	3.733321e+01	3.826815e+01

Somatório 1
	6	4	4	7	2.797843e+01	1.958490e+02
	6	4	5	-3	1.341933e+01	1.555910e+02

Somatório 2
	6	4	1	0	1.295485e+01	0
	6	4	2	0	2.798059e+01	0
	6	4	3	-3	3.826815e+01	-1.148045e+02

Iteração
	6	4	4.213448e+00	2.797843e+01	2.858035e+01

Somatório 1
	6	5	5	7	1.341933e+01	9.393528e+01

Somatório 2
	6	5	1	0	1.295485e+01	0
	6	5	2	0	2.798059e+01	0
	6	5	3	0	3.826815e+01	0
	6	5	4	-3	2.858035e+01	-8.574104e+01

Iteração
	6	5	1.805764e+00	1.341933e+01	1.367729e+01

Somatório 1
	7	1	1	7	1.295485e+01	9.068394e+01
	7	1	2	-3	2.798059e+01	6.742150e+00
	7	1	3	0	3.826815e+01	6.742150e+00
	7	1	4	0	2.858035e+01	6.742150e+00
	7	1	5	0	1.367729e+01	6.742150e+00

Somatório 2

Iteração
	7	1	3.257850e+00	1.295485e+01	1.342025e+01

Somatório 1
	7	2	2	7	2.798059e+01	1.958642e+02
	7	2	3	-3	3.826815e+01	8.105971e+01
	7	2	4	0	2.858035e+01	8.105971e+01
	7	2	5	0	1.367729e+01	8.105971e+01

Somatório 2
	7	2	1	-3	1.342025e+01	-4.026076e+01

Iteração
	7	2	4.201056e+00	2.798059e+01	2.858075e+01

Somatório 1
	7	3	3	7	3.826815e+01	2.678771e+02
	7	3	4	-3	2.858035e+01	1.821360e+02
	7	3	5	0	1.367729e+01	1.821360e+02

Somatório 2
	7	3	1	0	1.342025e+01	0
	7	3	2	-3	2.858075e+01	-8.574224e+01

Iteração
	7	3	3.606216e+00	3.826815e+01	3.878333e+01

Somatório 1
	7	4	4	7	2.858035e+01	2.000624e+02
	7	4	5	-3	1.367729e+01	1.590306e+02

Somatório 2
	7	4	1	0	1.342025e+01	0
	7	4	2	0	2.858075e+01	0
	7	4	3	-3	3.878333e+01	-1.163500e+02

Iteração
	7	4	2.319420e+00	2.858035e+01	2.891169e+01

Somatório 1
	7	5	5	7	1.367729e+01	9.574104e+01

Somatório 2
	7	5	1	0	1.342025e+01	0
	7	5	2	0	2.858075e+01	0
	7	5	3	0	3.878333e+01	0
	7	5	4	-3	2.891169e+01	-8.673508e+01

Iteração
	7	5	9.940371e-01	1.367729e+01	1.381930e+01

Somatório 1
	8	1	1	7	1.342025e+01	9.394178e+01
	8	1	2	-3	2.858075e+01	8.199547e+00
	8	1	3	0	3.878333e+01	8.199547e+00
	8	1	4	0	2.891169e+01	8.199547e+00
	8	1	5	0	1.381930e+01	8.199547e+00

Somatório 2

Iteração
	8	1	1.800453e+00	1.342025e+01	1.367746e+01

Somatório 1
	8	2	2	7	2.858075e+01	2.000652e+02
	8	2	3	-3	3.878333e+01	8.371524e+01
	8	2	4	0	2.891169e+01	8.371524e+01
	8	2	5	0	1.381930e+01	8.371524e+01

Somatório 2
	8	2	1	-3	1.367746e+01	-4.103239e+01

Iteração
	8	2	2.317144e+00	2.858075e+01	2.891177e+01

Somatório 1
	8	3	3	7	3.878333e+01	2.714833e+02
	8	3	4	-3	2.891169e+01	1.847482e+02
	8	3	5	0	1.381930e+01	1.847482e+02

Somatório 2
	8	3	1	0	1.367746e+01	0
	8	3	2	-3	2.891177e+01	-8.673530e+01

Iteração
	8	3	1.987099e+00	3.878333e+01	3.906720e+01

Somatório 1
	8	4	4	7	2.891169e+01	2.023819e+02
	8	4	5	-3	1.381930e+01	1.609240e+02

Somatório 2
	8	4	1	0	1.367746e+01	0
	8	4	2	0	2.891177e+01	0
	8	4	3	-3	3.906720e+01	-1.172016e+02

Iteração
	8	4	1.277630e+00	2.891169e+01	2.909421e+01

Somatório 1
	8	5	5	7	1.381930e+01	9.673508e+01

Somatório 2
	8	5	1	0	1.367746e+01	0
	8	5	2	0	2.891177e+01	0
	8	5	3	0	3.906720e+01	0
	8	5	4	-3	2.909421e+01	-8.728264e+01

Iteração
	8	5	5.475556e-01	1.381930e+01	1.389752e+01

Somatório 1
	9	1	1	7	1.367746e+01	9.574224e+01
	9	1	2	-3	2.891177e+01	9.006938e+00
	9	1	3	0	3.906720e+01	9.006938e+00
	9	1	4	0	2.909421e+01	9.006938e+00
	9	1	5	0	1.389752e+01	9.006938e+00

Somatório 2

Iteração
	9	1	9.930616e-01	1.367746e+01	1.381933e+01

Somatório 1
	9	2	2	7	2.891177e+01	2.023824e+02
	9	2	3	-3	3.906720e+01	8.518077e+01
	9	2	4	0	2.909421e+01	8.518077e+01
	9	2	5	0	1.389752e+01	8.518077e+01

Somatório 2
	9	2	1	-3	1.381933e+01	-4.145799e+01

Iteração
	9	2	1.277212e+00	2.891177e+01	2.909423e+01

Somatório 1
	9	3	3	7	3.906720e+01	2.734704e+02
	9	3	4	-3	2.909421e+01	1.861877e+02
	9	3	5	0	1.389752e+01	1.861877e+02

Somatório 2
	9	3	1	0	1.381933e+01	0
	9	3	2	-3	2.909423e+01	-8.728268e+01

Iteração
	9	3	1.094932e+00	3.906720e+01	3.922362e+01

Somatório 1
	9	4	4	7	2.909421e+01	2.036595e+02
	9	4	5	-3	1.389752e+01	1.619669e+02

Somatório 2
	9	4	1	0	1.381933e+01	0
	9	4	2	0	2.909423e+01	0
	9	4	3	-3	3.922362e+01	-1.176708e+02

Iteração
	9	4	7.039232e-01	2.909421e+01	2.919477e+01

Somatório 1
	9	5	5	7	1.389752e+01	9.728264e+01

Somatório 2
	9	5	1	0	1.381933e+01	0
	9	5	2	0	2.909423e+01	0
	9	5	3	0	3.922362e+01	0
	9	5	4	-3	2.919477e+01	-8.758432e+01

Iteração
	9	5	3.016814e-01	1.389752e+01	1.394062e+01

Somatório 1
	10	1	1	7	1.381933e+01	9.673530e+01
	10	1	2	-3	2.909423e+01	9.452624e+00
	10	1	3	0	3.922362e+01	9.452624e+00
	10	1	4	0	2.919477e+01	9.452624e+00
	10	1	5	0	1.394062e+01	9.452624e+00

Somatório 2

Iteração
	10	1	5.473764e-01	1.381933e+01	1.389753e+01

Somatório 1
	10	2	2	7	2.909423e+01	2.036596e+02
	10	2	3	-3	3.922362e+01	8.598873e+01
	10	2	4	0	2.919477e+01	8.598873e+01
	10	2	5	0	1.394062e+01	8.598873e+01

Somatório 2
	10	2	1	-3	1.389753e+01	-4.169258e+01

Iteração
	10	2	7.038464e-01	2.909423e+01	2.919477e+01

Somatório 1
	10	3	3	7	3.922362e+01	2.745653e+02
	10	3	4	-3	2.919477e+01	1.869810e+02
	10	3	5	0	1.394062e+01	1.869810e+02

Somatório 2
	10	3	1	0	1.389753e+01	0
	10	3	2	-3	2.919477e+01	-8.758432e+01

Iteração
	10	3	6.033298e-01	3.922362e+01	3.930981e+01

Somatório 1
	10	4	4	7	2.919477e+01	2.043634e+02
	10	4	5	-3	1.394062e+01	1.625416e+02

Somatório 2
	10	4	1	0	1.389753e+01	0
	10	4	2	0	2.919477e+01	0
	10	4	3	-3	3.930981e+01	-1.179294e+02

Iteração
	10	4	3.878620e-01	2.919477e+01	2.925018e+01

Somatório 1
	10	5	5	7	1.394062e+01	9.758432e+01

Somatório 2
	10	5	1	0	1.389753e+01	0
	10	5	2	0	2.919477e+01	0
	10	5	3	0	3.930981e+01	0
	10	5	4	-3	2.925018e+01	-8.775054e+01

Iteração
	10	5	1.662266e-01	1.394062e+01	1.396436e+01

Somatório 1
	11	1	1	7	1.389753e+01	9.728268e+01
	11	1	2	-3	2.919477e+01	9.698352e+00
	11	1	3	0	3.930981e+01	9.698352e+00
	11	1	4	0	2.925018e+01	9.698352e+00
	11	1	5	0	1.396436e+01	9.698352e+00

Somatório 2

Iteração
	11	1	3.016485e-01	1.389753e+01	1.394062e+01

Somatório 1
	11	2	2	7	2.919477e+01	2.043634e+02
	11	2	3	-3	3.930981e+01	8.643401e+01
	11	2	4	0	2.925018e+01	8.643401e+01
	11	2	5	0	1.396436e+01	8.643401e+01

Somatório 2
	11	2	1	-3	1.394062e+01	-4.182185e+01

Iteração
	11	2	3.878479e-01	2.919477e+01	2.925018e+01

Somatório 1
	11	3	3	7	3.930981e+01	2.751686e+02
	11	3	4	-3	2.925018e+01	1.874181e+02
	11	3	5	0	1.396436e+01	1.874181e+02

Somatório 2
	11	3	1	0	1.394062e+01	0
	11	3	2	-3	2.925018e+01	-8.775054e+01

Iteração
	11	3	3.324471e-01	3.930981e+01	3.935730e+01

Somatório 1
	11	4	4	7	2.925018e+01	2.047513e+02
	11	4	5	-3	1.396436e+01	1.628582e+02

Somatório 2
	11	4	1	0	1.394062e+01	0
	11	4	2	0	2.925018e+01	0
	11	4	3	-3	3.935730e+01	-1.180719e+02

Iteração
	11	4	2.137173e-01	2.925018e+01	2.928071e+01

Somatório 1
	11	5	5	7	1.396436e+01	9.775054e+01

Somatório 2
	11	5	1	0	1.394062e+01	0
	11	5	2	0	2.925018e+01	0
	11	5	3	0	3.935730e+01	0
	11	5	4	-3	2.928071e+01	-8.784214e+01

Iteração
	11	5	9.159311e-02	1.396436e+01	1.397745e+01

Somatório 1
	12	1	1	7	1.394062e+01	9.758432e+01
	12	1	2	-3	2.925018e+01	9.833779e+00
	12	1	3	0	3.935730e+01	9.833779e+00
	12	1	4	0	2.928071e+01	9.833779e+00
	12	1	5	0	1.397745e+01	9.833779e+00

Somatório 2

Iteração
	12	1	1.662205e-01	1.394062e+01	1.396436e+01

Somatório 1
	12	2	2	7	2.925018e+01	2.047513e+02
	12	2	3	-3	3.935730e+01	8.667938e+01
	12	2	4	0	2.928071e+01	8.667938e+01
	12	2	5	0	1.397745e+01	8.667938e+01

Somatório 2
	12	2	1	-3	1.396436e+01	-4.189309e+01

Iteração
	12	2	2.137147e-01	2.925018e+01	2.928071e+01

Somatório 1
	12	3	3	7	3.935730e+01	2.755011e+02
	12	3	4	-3	2.928071e+01	1.876590e+02
	12	3	5	0	1.397745e+01	1.876590e+02

Somatório 2
	12	3	1	0	1.396436e+01	0
	12	3	2	-3	2.928071e+01	-8.784214e+01

Iteração
	12	3	1.831851e-01	3.935730e+01	3.938347e+01

Somatório 1
	12	4	4	7	2.928071e+01	2.049650e+02
	12	4	5	-3	1.397745e+01	1.630326e+02

Somatório 2
	12	4	1	0	1.396436e+01	0
	12	4	2	0	2.928071e+01	0
	12	4	3	-3	3.938347e+01	-1.181504e+02

Iteração
	12	4	1.177621e-01	2.928071e+01	2.929754e+01

Somatório 1
	12	5	5	7	1.397745e+01	9.784214e+01

Somatório 2
	12	5	1	0	1.396436e+01	0
	12	5	2	0	2.928071e+01	0
	12	5	3	0	3.938347e+01	0
	12	5	4	-3	2.929754e+01	-8.789261e+01

Iteração
	12	5	5.046947e-02	1.397745e+01	1.398466e+01

Somatório 1
	13	1	1	7	1.396436e+01	9.775054e+01
	13	1	2	-3	2.928071e+01	9.908408e+00
	13	1	3	0	3.938347e+01	9.908408e+00
	13	1	4	0	2.929754e+01	9.908408e+00
	13	1	5	0	1.398466e+01	9.908408e+00

Somatório 2

Iteração
	13	1	9.159200e-02	1.396436e+01	1.397745e+01

Somatório 1
	13	2	2	7	2.928071e+01	2.049650e+02
	13	2	3	-3	3.938347e+01	8.681458e+01
	13	2	4	0	2.929754e+01	8.681458e+01
	13	2	5	0	1.398466e+01	8.681458e+01

Somatório 2
	13	2	1	-3	1.397745e+01	-4.193234e+01

Iteração
	13	2	1.177616e-01	2.928071e+01	2.929754e+01

Somatório 1
	13	3	3	7	3.938347e+01	2.756843e+02
	13	3	4	-3	2.929754e+01	1.877917e+02
	13	3	5	0	1.398466e+01	1.877917e+02

Somatório 2
	13	3	1	0	1.397745e+01	0
	13	3	2	-3	2.929754e+01	-8.789261e+01

Iteração
	13	3	1.009387e-01	3.938347e+01	3.939789e+01

Somatório 1
	13	4	4	7	2.929754e+01	2.050827e+02
	13	4	5	-3	1.398466e+01	1.631288e+02

Somatório 2
	13	4	1	0	1.397745e+01	0
	13	4	2	0	2.929754e+01	0
	13	4	3	-3	3.939789e+01	-1.181937e+02

Iteração
	13	4	6.488923e-02	2.929754e+01	2.930681e+01

Somatório 1
	13	5	5	7	1.398466e+01	9.789261e+01

Somatório 2
	13	5	1	0	1.397745e+01	0
	13	5	2	0	2.929754e+01	0
	13	5	3	0	3.939789e+01	0
	13	5	4	-3	2.930681e+01	-8.792042e+01

Iteração
	13	5	2.780967e-02	1.398466e+01	1.398863e+01

Somatório 1
	14	1	1	7	1.397745e+01	9.784214e+01
	14	1	2	-3	2.929754e+01	9.949531e+00
	14	1	3	0	3.939789e+01	9.949531e+00
	14	1	4	0	2.930681e+01	9.949531e+00
	14	1	5	0	1.398863e+01	9.949531e+00

Somatório 2

Iteração
	14	1	5.046927e-02	1.397745e+01	1.398466e+01

Somatório 1
	14	2	2	7	2.929754e+01	2.050827e+02
	14	2	3	-3	3.939789e+01	8.688908e+01
	14	2	4	0	2.930681e+01	8.688908e+01
	14	2	5	0	1.398863e+01	8.688908e+01

Somatório 2
	14	2	1	-3	1.398466e+01	-4.195397e+01

Iteração
	14	2	6.488914e-02	2.929754e+01	2.930681e+01

Somatório 1
	14	3	3	7	3.939789e+01	2.757852e+02
	14	3	4	-3	2.930681e+01	1.878648e+02
	14	3	5	0	1.398863e+01	1.878648e+02

Somatório 2
	14	3	1	0	1.398466e+01	0
	14	3	2	-3	2.930681e+01	-8.792042e+01

Iteração
	14	3	5.561930e-02	3.939789e+01	3.940583e+01

Somatório 1
	14	4	4	7	2.930681e+01	2.051476e+02
	14	4	5	-3	1.398863e+01	1.631817e+02

Somatório 2
	14	4	1	0	1.398466e+01	0
	14	4	2	0	2.930681e+01	0
	14	4	3	-3	3.940583e+01	-1.182175e+02

Iteração
	14	4	3.575527e-02	2.930681e+01	2.931191e+01

Somatório 1
	14	5	5	7	1.398863e+01	9.792042e+01

Somatório 2
	14	5	1	0	1.398466e+01	0
	14	5	2	0	2.930681e+01	0
	14	5	3	0	3.940583e+01	0
	14	5	4	-3	2.931191e+01	-8.793574e+01

Iteração
	14	5	1.532369e-02	1.398863e+01	1.399082e+01

Somatório 1
	15	1	1	7	1.398466e+01	9.789261e+01
	15	1	2	-3	2.930681e+01	9.972190e+00
	15	1	3	0	3.940583e+01	9.972190e+00
	15	1	4	0	2.931191e+01	9.972190e+00
	15	1	5	0	1.399082e+01	9.972190e+00

Somatório 2

Iteração
	15	1	2.780963e-02	1.398466e+01	1.398863e+01

Somatório 1
	15	2	2	7	2.930681e+01	2.051476e+02
	15	2	3	-3	3.940583e+01	8.693014e+01
	15	2	4	0	2.931191e+01	8.693014e+01
	15	2	5	0	1.399082e+01	8.693014e+01

Somatório 2
	15	2	1	-3	1.398863e+01	-4.196589e+01

Iteração
	15	2	3.575526e-02	2.930681e+01	2.931191e+01

Somatório 1
	15	3	3	7	3.940583e+01	2.758408e+02
	15	3	4	-3	2.931191e+01	1.879051e+02
	15	3	5	0	1.399082e+01	1.879051e+02

Somatório 2
	15	3	1	0	1.398863e+01	0
	15	3	2	-3	2.931191e+01	-8.793574e+01

Iteração
	15	3	3.064737e-02	3.940583e+01	3.941021e+01

Somatório 1
	15	4	4	7	2.931191e+01	2.051834e+02
	15	4	5	-3	1.399082e+01	1.632109e+02

Somatório 2
	15	4	1	0	1.398863e+01	0
	15	4	2	0	2.931191e+01	0
	15	4	3	-3	3.941021e+01	-1.182306e+02

Iteração
	15	4	1.970188e-02	2.931191e+01	2.931473e+01

Somatório 1
	15	5	5	7	1.399082e+01	9.793574e+01

Somatório 2
	15	5	1	0	1.398863e+01	0
	15	5	2	0	2.931191e+01	0
	15	5	3	0	3.941021e+01	0
	15	5	4	-3	2.931473e+01	-8.794418e+01

Iteração
	15	5	8.443664e-03	1.399082e+01	1.399203e+01

Somatório 1
	16	1	1	7	1.398863e+01	9.792042e+01
	16	1	2	-3	2.931191e+01	9.984676e+00
	16	1	3	0	3.941021e+01	9.984676e+00
	16	1	4	0	2.931473e+01	9.984676e+00
	16	1	5	0	1.399203e+01	9.984676e+00

Somatório 2

Iteração
	16	1	1.532368e-02	1.398863e+01	1.399082e+01

Somatório 1
	16	2	2	7	2.931191e+01	2.051834e+02
	16	2	3	-3	3.941021e+01	8.695276e+01
	16	2	4	0	2.931473e+01	8.695276e+01
	16	2	5	0	1.399203e+01	8.695276e+01

Somatório 2
	16	2	1	-3	1.399082e+01	-4.197246e+01

Iteração
	16	2	1.970188e-02	2.931191e+01	2.931473e+01

Somatório 1
	16	3	3	7	3.941021e+01	2.758715e+02
	16	3	4	-3	2.931473e+01	1.879273e+02
	16	3	5	0	1.399203e+01	1.879273e+02

Somatório 2
	16	3	1	0	1.399082e+01	0
	16	3	2	-3	2.931473e+01	-8.794418e+01

Iteração
	16	3	1.688733e-02	3.941021e+01	3.941262e+01

Somatório 1
	16	4	4	7	2.931473e+01	2.052031e+02
	16	4	5	-3	1.399203e+01	1.632270e+02

Somatório 2
	16	4	1	0	1.399082e+01	0
	16	4	2	0	2.931473e+01	0
	16	4	3	-3	3.941262e+01	-1.182379e+02

Iteração
	16	4	1.085614e-02	2.931473e+01	2.931628e+01

Somatório 1
	16	5	5	7	1.399203e+01	9.794418e+01

Somatório 2
	16	5	1	0	1.399082e+01	0
	16	5	2	0	2.931473e+01	0
	16	5	3	0	3.941262e+01	0
	16	5	4	-3	2.931628e+01	-8.794884e+01

Iteração
	16	5	4.652631e-03	1.399203e+01	1.399269e+01

Somatório 1
	17	1	1	7	1.399082e+01	9.793574e+01
	17	1	2	-3	2.931473e+01	9.991556e+00
	17	1	3	0	3.941262e+01	9.991556e+00
	17	1	4	0	2.931628e+01	9.991556e+00
	17	1	5	0	1.399269e+01	9.991556e+00

Somatório 2

Iteração
	17	1	8.443663e-03	1.399082e+01	1.399203e+01

Somatório 1
	17	2	2	7	2.931473e+01	2.052031e+02
	17	2	3	-3	3.941262e+01	8.696522e+01
	17	2	4	0	2.931628e+01	8.696522e+01
	17	2	5	0	1.399269e+01	8.696522e+01

Somatório 2
	17	2	1	-3	1.399203e+01	-4.197608e+01

Iteração
	17	2	1.085614e-02	2.931473e+01	2.931628e+01

Somatório 1
	17	3	3	7	3.941262e+01	2.758884e+02
	17	3	4	-3	2.931628e+01	1.879395e+02
	17	3	5	0	1.399269e+01	1.879395e+02

Somatório 2
	17	3	1	0	1.399203e+01	0
	17	3	2	-3	2.931628e+01	-8.794884e+01

Iteração
	17	3	9.305262e-03	3.941262e+01	3.941395e+01

Somatório 1
	17	4	4	7	2.931628e+01	2.052139e+02
	17	4	5	-3	1.399269e+01	1.632359e+02

Somatório 2
	17	4	1	0	1.399203e+01	0
	17	4	2	0	2.931628e+01	0
	17	4	3	-3	3.941395e+01	-1.182419e+02

Iteração
	17	4	5.981954e-03	2.931628e+01	2.931713e+01

Somatório 1
	17	5	5	7	1.399269e+01	9.794884e+01

Somatório 2
	17	5	1	0	1.399203e+01	0
	17	5	2	0	2.931628e+01	0
	17	5	3	0	3.941395e+01	0
	17	5	4	-3	2.931713e+01	-8.795140e+01

Iteração
	17	5	2.563695e-03	1.399269e+01	1.399306e+01

Somatório 1
	18	1	1	7	1.399203e+01	9.794418e+01
	18	1	2	-3	2.931628e+01	9.995347e+00
	18	1	3	0	3.941395e+01	9.995347e+00
	18	1	4	0	2.931713e+01	9.995347e+00
	18	1	5	0	1.399306e+01	9.995347e+00

Somatório 2

Iteração
	18	1	4.652631e-03	1.399203e+01	1.399269e+01

Somatório 1
	18	2	2	7	2.931628e+01	2.052139e+02
	18	2	3	-3	3.941395e+01	8.697209e+01
	18	2	4	0	2.931713e+01	8.697209e+01
	18	2	5	0	1.399306e+01	8.697209e+01

Somatório 2
	18	2	1	-3	1.399269e+01	-4.197807e+01

Iteração
	18	2	5.981954e-03	2.931628e+01	2.931713e+01

Somatório 1
	18	3	3	7	3.941395e+01	2.758977e+02
	18	3	4	-3	2.931713e+01	1.879463e+02
	18	3	5	0	1.399306e+01	1.879463e+02

Somatório 2
	18	3	1	0	1.399269e+01	0
	18	3	2	-3	2.931713e+01	-8.795140e+01

Iteração
	18	3	5.127389e-03	3.941395e+01	3.941469e+01

Somatório 1
	18	4	4	7	2.931713e+01	2.052199e+02
	18	4	5	-3	1.399306e+01	1.632408e+02

Somatório 2
	18	4	1	0	1.399269e+01	0
	18	4	2	0	2.931713e+01	0
	18	4	3	-3	3.941469e+01	-1.182441e+02

Iteração
	18	4	3.296179e-03	2.931713e+01	2.931760e+01

Somatório 1
	18	5	5	7	1.399306e+01	9.795140e+01

Somatório 2
	18	5	1	0	1.399269e+01	0
	18	5	2	0	2.931713e+01	0
	18	5	3	0	3.941469e+01	0
	18	5	4	-3	2.931760e+01	-8.795281e+01

Iteração
	18	5	1.412648e-03	1.399306e+01	1.399326e+01

Somatório 1
	19	1	1	7	1.399269e+01	9.794884e+01
	19	1	2	-3	2.931713e+01	9.997436e+00
	19	1	3	0	3.941469e+01	9.997436e+00
	19	1	4	0	2.931760e+01	9.997436e+00
	19	1	5	0	1.399326e+01	9.997436e+00

Somatório 2

Iteração
	19	1	2.563695e-03	1.399269e+01	1.399306e+01

Somatório 1
	19	2	2	7	2.931713e+01	2.052199e+02
	19	2	3	-3	3.941469e+01	8.697587e+01
	19	2	4	0	2.931760e+01	8.697587e+01
	19	2	5	0	1.399326e+01	8.697587e+01

Somatório 2
	19	2	1	-3	1.399306e+01	-4.197917e+01

Iteração
	19	2	3.296179e-03	2.931713e+01	2.931760e+01

Somatório 1
	19	3	3	7	3.941469e+01	2.759028e+02
	19	3	4	-3	2.931760e+01	1.879500e+02
	19	3	5	0	1.399326e+01	1.879500e+02

Somatório 2
	19	3	1	0	1.399306e+01	0
	19	3	2	-3	2.931760e+01	-8.795281e+01

Iteração
	19	3	2.825296e-03	3.941469e+01	3.941509e+01

Somatório 1
	19	4	4	7	2.931760e+01	2.052232e+02
	19	4	5	-3	1.399326e+01	1.632435e+02

Somatório 2
	19	4	1	0	1.399306e+01	0
	19	4	2	0	2.931760e+01	0
	19	4	3	-3	3.941509e+01	-1.182453e+02

Iteração
	19	4	1.816262e-03	2.931760e+01	2.931786e+01

Somatório 1
	19	5	5	7	1.399326e+01	9.795281e+01

Somatório 2
	19	5	1	0	1.399306e+01	0
	19	5	2	0	2.931760e+01	0
	19	5	3	0	3.941509e+01	0
	19	5	4	-3	2.931786e+01	-8.795359e+01

Iteração
	19	5	7.783979e-04	1.399326e+01	1.399337e+01

Somatório 1
	20	1	1	7	1.399306e+01	9.795140e+01
	20	1	2	-3	2.931760e+01	9.998587e+00
	20	1	3	0	3.941509e+01	9.998587e+00
	20	1	4	0	2.931786e+01	9.998587e+00
	20	1	5	0	1.399337e+01	9.998587e+00

Somatório 2

Iteração
	20	1	1.412648e-03	1.399306e+01	1.399326e+01

Somatório 1
	20	2	2	7	2.931760e+01	2.052232e+02
	20	2	3	-3	3.941509e+01	8.697796e+01
	20	2	4	0	2.931786e+01	8.697796e+01
	20	2	5	0	1.399337e+01	8.697796e+01

Somatório 2
	20	2	1	-3	1.399326e+01	-4.197978e+01

Iteração
	20	2	1.816262e-03	2.931760e+01	2.931786e+01

Somatório 1
	20	3	3	7	3.941509e+01	2.759056e+02
	20	3	4	-3	2.931786e+01	1.879520e+02
	20	3	5	0	1.399337e+01	1.879520e+02

Somatório 2
	20	3	1	0	1.399326e+01	0
	20	3	2	-3	2.931786e+01	-8.795359e+01

Iteração
	20	3	1.556796e-03	3.941509e+01	3.941531e+01

Somatório 1
	20	4	4	7	2.931786e+01	2.052250e+02
	20	4	5	-3	1.399337e+01	1.632449e+02

Somatório 2
	20	4	1	0	1.399326e+01	0
	20	4	2	0	2.931786e+01	0
	20	4	3	-3	3.941531e+01	-1.182459e+02

Iteração
	20	4	1.000797e-03	2.931786e+01	2.931801e+01

Somatório 1
	20	5	5	7	1.399337e+01	9.795359e+01

Somatório 2
	20	5	1	0	1.399326e+01	0
	20	5	2	0	2.931786e+01	0
	20	5	3	0	3.941531e+01	0
	20	5	4	-3	2.931801e+01	-8.795402e+01

Iteração
	20	5	4.289131e-04	1.399337e+01	1.399343e+01

Somatório 1
	21	1	1	7	1.399326e+01	9.795281e+01
	21	1	2	-3	2.931786e+01	9.999222e+00
	21	1	3	0	3.941531e+01	9.999222e+00
	21	1	4	0	2.931801e+01	9.999222e+00
	21	1	5	0	1.399343e+01	9.999222e+00

Somatório 2

Iteração
	21	1	7.783979e-04	1.399326e+01	1.399337e+01

Somatório 1
	21	2	2	7	2.931786e+01	2.052250e+02
	21	2	3	-3	3.941531e+01	8.697911e+01
	21	2	4	0	2.931801e+01	8.697911e+01
	21	2	5	0	1.399343e+01	8.697911e+01

Somatório 2
	21	2	1	-3	1.399337e+01	-4.198011e+01

Iteração
	21	2	1.000797e-03	2.931786e+01	2.931801e+01

Somatório 1
	21	3	3	7	3.941531e+01	2.759072e+02
	21	3	4	-3	2.931801e+01	1.879532e+02
	21	3	5	0	1.399343e+01	1.879532e+02

Somatório 2
	21	3	1	0	1.399337e+01	0
	21	3	2	-3	2.931801e+01	-8.795402e+01

Iteração
	21	3	8.578263e-04	3.941531e+01	3.941543e+01

Somatório 1
	21	4	4	7	2.931801e+01	2.052260e+02
	21	4	5	-3	1.399343e+01	1.632458e+02

Somatório 2
	21	4	1	0	1.399337e+01	0
	21	4	2	0	2.931801e+01	0
	21	4	3	-3	3.941543e+01	-1.182463e+02

Iteração
	21	4	5.514597e-04	2.931801e+01	2.931809e+01

Somatório 1
	21	5	5	7	1.399343e+01	9.795402e+01

Somatório 2
	21	5	1	0	1.399337e+01	0
	21	5	2	0	2.931801e+01	0
	21	5	3	0	3.941543e+01	0
	21	5	4	-3	2.931809e+01	-8.795426e+01

Iteração
	21	5	2.363399e-04	1.399343e+01	1.399347e+01

Somatório 1
	22	1	1	7	1.399337e+01	9.795359e+01
	22	1	2	-3	2.931801e+01	9.999571e+00
	22	1	3	0	3.941543e+01	9.999571e+00
	22	1	4	0	2.931809e+01	9.999571e+00
	22	1	5	0	1.399347e+01	9.999571e+00

Somatório 2

Iteração
	22	1	4.289131e-04	1.399337e+01	1.399343e+01

Somatório 1
	22	2	2	7	2.931801e+01	2.052260e+02
	22	2	3	-3	3.941543e+01	8.697974e+01
	22	2	4	0	2.931809e+01	8.697974e+01
	22	2	5	0	1.399347e+01	8.697974e+01

Somatório 2
	22	2	1	-3	1.399343e+01	-4.198029e+01

Iteração
	22	2	5.514597e-04	2.931801e+01	2.931809e+01

Somatório 1
	22	3	3	7	3.941543e+01	2.759080e+02
	22	3	4	-3	2.931809e+01	1.879538e+02
	22	3	5	0	1.399347e+01	1.879538e+02

Somatório 2
	22	3	1	0	1.399343e+01	0
	22	3	2	-3	2.931809e+01	-8.795426e+01

Iteração
	22	3	4.726798e-04	3.941543e+01	3.941550e+01

Somatório 1
	22	4	4	7	2.931809e+01	2.052266e+02
	22	4	5	-3	1.399347e+01	1.632462e+02

Somatório 2
	22	4	1	0	1.399343e+01	0
	22	4	2	0	2.931809e+01	0
	22	4	3	-3	3.941550e+01	-1.182465e+02

Iteração
	22	4	3.038656e-04	2.931809e+01	2.931813e+01

Somatório 1
	22	5	5	7	1.399347e+01	9.795426e+01

Somatório 2
	22	5	1	0	1.399343e+01	0
	22	5	2	0	2.931809e+01	0
	22	5	3	0	3.941550e+01	0
	22	5	4	-3	2.931813e+01	-8.795439e+01

Iteração
	22	5	1.302281e-04	1.399347e+01	1.399348e+01

Somatório 1
	23	1	1	7	1.399343e+01	9.795402e+01
	23	1	2	-3	2.931809e+01	9.999764e+00
	23	1	3	0	3.941550e+01	9.999764e+00
	23	1	4	0	2.931813e+01	9.999764e+00
	23	1	5	0	1.399348e+01	9.999764e+00

Somatório 2

Iteração
	23	1	2.363399e-04	1.399343e+01	1.399347e+01

Somatório 1
	23	2	2	7	2.931809e+01	2.052266e+02
	23	2	3	-3	3.941550e+01	8.698009e+01
	23	2	4	0	2.931813e+01	8.698009e+01
	23	2	5	0	1.399348e+01	8.698009e+01

Somatório 2
	23	2	1	-3	1.399347e+01	-4.198040e+01

Iteração
	23	2	3.038656e-04	2.931809e+01	2.931813e+01

Somatório 1
	23	3	3	7	3.941550e+01	2.759085e+02
	23	3	4	-3	2.931813e+01	1.879541e+02
	23	3	5	0	1.399348e+01	1.879541e+02

Somatório 2
	23	3	1	0	1.399347e+01	0
	23	3	2	-3	2.931813e+01	-8.795439e+01

Iteração
	23	3	2.604562e-04	3.941550e+01	3.941554e+01

Somatório 1
	23	4	4	7	2.931813e+01	2.052269e+02
	23	4	5	-3	1.399348e+01	1.632464e+02

Somatório 2
	23	4	1	0	1.399347e+01	0
	23	4	2	0	2.931813e+01	0
	23	4	3	-3	3.941554e+01	-1.182466e+02

Iteração
	23	4	1.674361e-04	2.931813e+01	2.931815e+01

Somatório 1
	23	5	5	7	1.399348e+01	9.795439e+01

Somatório 2
	23	5	1	0	1.399347e+01	0
	23	5	2	0	2.931813e+01	0
	23	5	3	0	3.941554e+01	0
	23	5	4	-3	2.931815e+01	-8.795446e+01

Iteração
	23	5	7.175834e-05	1.399348e+01	1.399349e+01

Somatório 1
	24	1	1	7	1.399347e+01	9.795426e+01
	24	1	2	-3	2.931813e+01	9.999870e+00
	24	1	3	0	3.941554e+01	9.999870e+00
	24	1	4	0	2.931815e+01	9.999870e+00
	24	1	5	0	1.399349e+01	9.999870e+00

Somatório 2

Iteração
	24	1	1.302281e-04	1.399347e+01	1.399348e+01

Somatório 1
	24	2	2	7	2.931813e+01	2.052269e+02
	24	2	3	-3	3.941554e+01	8.698028e+01
	24	2	4	0	2.931815e+01	8.698028e+01
	24	2	5	0	1.399349e+01	8.698028e+01

Somatório 2
	24	2	1	-3	1.399348e+01	-4.198045e+01

Iteração
	24	2	1.674361e-04	2.931813e+01	2.931815e+01

Somatório 1
	24	3	3	7	3.941554e+01	2.759088e+02
	24	3	4	-3	2.931815e+01	1.879543e+02
	24	3	5	0	1.399349e+01	1.879543e+02

Somatório 2
	24	3	1	0	1.399348e+01	0
	24	3	2	-3	2.931815e+01	-8.795446e+01

Iteração
	24	3	1.435167e-04	3.941554e+01	3.941556e+01

Somatório 1
	24	4	4	7	2.931815e+01	2.052271e+02
	24	4	5	-3	1.399349e+01	1.632466e+02

Somatório 2
	24	4	1	0	1.399348e+01	0
	24	4	2	0	2.931815e+01	0
	24	4	3	-3	3.941556e+01	-1.182467e+02

Iteração
	24	4	9.226073e-05	2.931815e+01	2.931817e+01

Somatório 1
	24	5	5	7	1.399349e+01	9.795446e+01

Somatório 2
	24	5	1	0	1.399348e+01	0
	24	5	2	0	2.931815e+01	0
	24	5	3	0	3.941556e+01	0
	24	5	4	-3	2.931817e+01	-8.795450e+01

Iteração
	24	5	3.954031e-05	1.399349e+01	1.399350e+01

Somatório 1
	25	1	1	7	1.399348e+01	9.795439e+01
	25	1	2	-3	2.931815e+01	9.999928e+00
	25	1	3	0	3.941556e+01	9.999928e+00
	25	1	4	0	2.931817e+01	9.999928e+00
	25	1	5	0	1.399350e+01	9.999928e+00

Somatório 2

Iteração
	25	1	7.175834e-05	1.399348e+01	1.399349e+01

Somatório 1
	25	2	2	7	2.931815e+01	2.052271e+02
	25	2	3	-3	3.941556e+01	8.698039e+01
	25	2	4	0	2.931817e+01	8.698039e+01
	25	2	5	0	1.399350e+01	8.698039e+01

Somatório 2
	25	2	1	-3	1.399349e+01	-4.198048e+01

Iteração
	25	2	9.226073e-05	2.931815e+01	2.931817e+01

Somatório 1
	25	3	3	7	3.941556e+01	2.759089e+02
	25	3	4	-3	2.931817e+01	1.879544e+02
	25	3	5	0	1.399350e+01	1.879544e+02

Somatório 2
	25	3	1	0	1.399349e+01	0
	25	3	2	-3	2.931817e+01	-8.795450e+01

Iteração
	25	3	7.908062e-05	3.941556e+01	3.941557e+01

Somatório 1
	25	4	4	7	2.931817e+01	2.052272e+02
	25	4	5	-3	1.399350e+01	1.632467e+02

Somatório 2
	25	4	1	0	1.399349e+01	0
	25	4	2	0	2.931817e+01	0
	25	4	3	-3	3.941557e+01	-1.182467e+02

Iteração
	25	4	5.083754e-05	2.931817e+01	2.931817e+01

Somatório 1
	25	5	5	7	1.399350e+01	9.795450e+01

Somatório 2
	25	5	1	0	1.399349e+01	0
	25	5	2	0	2.931817e+01	0
	25	5	3	0	3.941557e+01	0
	25	5	4	-3	2.931817e+01	-8.795452e+01

Iteração
	25	5	2.178752e-05	1.399350e+01	1.399350e+01

Somatório 1
	26	1	1	7	1.399349e+01	9.795446e+01
	26	1	2	-3	2.931817e+01	9.999960e+00
	26	1	3	0	3.941557e+01	9.999960e+00
	26	1	4	0	2.931817e+01	9.999960e+00
	26	1	5	0	1.399350e+01	9.999960e+00

Somatório 2

Iteração
	26	1	3.954031e-05	1.399349e+01	1.399350e+01

Somatório 1
	26	2	2	7	2.931817e+01	2.052272e+02
	26	2	3	-3	3.941557e+01	8.698045e+01
	26	2	4	0	2.931817e+01	8.698045e+01
	26	2	5	0	1.399350e+01	8.698045e+01

Somatório 2
	26	2	1	-3	1.399350e+01	-4.198050e+01

Iteração
	26	2	5.083754e-05	2.931817e+01	2.931817e+01

Somatório 1
	26	3	3	7	3.941557e+01	2.759090e+02
	26	3	4	-3	2.931817e+01	1.879545e+02
	26	3	5	0	1.399350e+01	1.879545e+02

Somatório 2
	26	3	1	0	1.399350e+01	0
	26	3	2	-3	2.931817e+01	-8.795452e+01

Iteração
	26	3	4.357504e-05	3.941557e+01	3.941558e+01

Somatório 1
	26	4	4	7	2.931817e+01	2.052272e+02
	26	4	5	-3	1.399350e+01	1.632467e+02

Somatório 2
	26	4	1	0	1.399350e+01	0
	26	4	2	0	2.931817e+01	0
	26	4	3	-3	3.941558e+01	-1.182467e+02

Iteração
	26	4	2.801252e-05	2.931817e+01	2.931818e+01

Somatório 1
	26	5	5	7	1.399350e+01	9.795452e+01

Somatório 2
	26	5	1	0	1.399350e+01	0
	26	5	2	0	2.931817e+01	0
	26	5	3	0	3.941558e+01	0
	26	5	4	-3	2.931818e+01	-8.795453e+01

Iteração
	26	5	1.200537e-05	1.399350e+01	1.399350e+01

Somatório 1
	27	1	1	7	1.399350e+01	9.795450e+01
	27	1	2	-3	2.931817e+01	9.999978e+00
	27	1	3	0	3.941558e+01	9.999978e+00
	27	1	4	0	2.931818e+01	9.999978e+00
	27	1	5	0	1.399350e+01	9.999978e+00

Somatório 2

Iteração
	27	1	2.178752e-05	1.399350e+01	1.399350e+01

Somatório 1
	27	2	2	7	2.931817e+01	2.052272e+02
	27	2	3	-3	3.941558e+01	8.698048e+01
	27	2	4	0	2.931818e+01	8.698048e+01
	27	2	5	0	1.399350e+01	8.698048e+01

Somatório 2
	27	2	1	-3	1.399350e+01	-4.198051e+01

Iteração
	27	2	2.801252e-05	2.931817e+01	2.931818e+01

Somatório 1
	27	3	3	7	3.941558e+01	2.759090e+02
	27	3	4	-3	2.931818e+01	1.879545e+02
	27	3	5	0	1.399350e+01	1.879545e+02

Somatório 2
	27	3	1	0	1.399350e+01	0
	27	3	2	-3	2.931818e+01	-8.795453e+01

Iteração
	27	3	2.401073e-05	3.941558e+01	3.941558e+01

Somatório 1
	27	4	4	7	2.931818e+01	2.052272e+02
	27	4	5	-3	1.399350e+01	1.632467e+02

Somatório 2
	27	4	1	0	1.399350e+01	0
	27	4	2	0	2.931818e+01	0
	27	4	3	-3	3.941558e+01	-1.182467e+02

Iteração
	27	4	1.543547e-05	2.931818e+01	2.931818e+01

Somatório 1
	27	5	5	7	1.399350e+01	9.795453e+01

Somatório 2
	27	5	1	0	1.399350e+01	0
	27	5	2	0	2.931818e+01	0
	27	5	3	0	3.941558e+01	0
	27	5	4	-3	2.931818e+01	-8.795454e+01

Iteração
	27	5	6.615202e-06	1.399350e+01	1.399351e+01

Somatório 1
	28	1	1	7	1.399350e+01	9.795452e+01
	28	1	2	-3	2.931818e+01	9.999988e+00
	28	1	3	0	3.941558e+01	9.999988e+00
	28	1	4	0	2.931818e+01	9.999988e+00
	28	1	5	0	1.399351e+01	9.999988e+00

Somatório 2

Iteração
	28	1	1.200537e-05	1.399350e+01	1.399350e+01

Somatório 1
	28	2	2	7	2.931818e+01	2.052272e+02
	28	2	3	-3	3.941558e+01	8.698050e+01
	28	2	4	0	2.931818e+01	8.698050e+01
	28	2	5	0	1.399351e+01	8.698050e+01

Somatório 2
	28	2	1	-3	1.399350e+01	-4.198051e+01

Iteração
	28	2	1.543547e-05	2.931818e+01	2.931818e+01

Somatório 1
	28	3	3	7	3.941558e+01	2.759091e+02
	28	3	4	-3	2.931818e+01	1.879545e+02
	28	3	5	0	1.399351e+01	1.879545e+02

Somatório 2
	28	3	1	0	1.399350e+01	0
	28	3	2	-3	2.931818e+01	-8.795454e+01

Iteração
	28	3	1.323040e-05	3.941558e+01	3.941558e+01

Somatório 1
	28	4	4	7	2.931818e+01	2.052273e+02
	28	4	5	-3	1.399351e+01	1.632467e+02

Somatório 2
	28	4	1	0	1.399350e+01	0
	28	4	2	0	2.931818e+01	0
	28	4	3	-3	3.941558e+01	-1.182467e+02

Iteração
	28	4	8.505260e-06	2.931818e+01	2.931818e+01

Somatório 1
	28	5	5	7	1.399351e+01	9.795454e+01

Somatório 2
	28	5	1	0	1.399350e+01	0
	28	5	2	0	2.931818e+01	0
	28	5	3	0	3.941558e+01	0
	28	5	4	-3	2.931818e+01	-8.795454e+01

Iteração
	28	5	3.645111e-06	1.399351e+01	1.399351e+01

Somatório 1
	29	1	1	7	1.399350e+01	9.795453e+01
	29	1	2	-3	2.931818e+01	9.999993e+00
	29	1	3	0	3.941558e+01	9.999993e+00
	29	1	4	0	2.931818e+01	9.999993e+00
	29	1	5	0	1.399351e+01	9.999993e+00

Somatório 2

Iteração
	29	1	6.615202e-06	1.399350e+01	1.399351e+01

Somatório 1
	29	2	2	7	2.931818e+01	2.052273e+02
	29	2	3	-3	3.941558e+01	8.698051e+01
	29	2	4	0	2.931818e+01	8.698051e+01
	29	2	5	0	1.399351e+01	8.698051e+01

Somatório 2
	29	2	1	-3	1.399351e+01	-4.198052e+01

Iteração
	29	2	8.505260e-06	2.931818e+01	2.931818e+01

Somatório 1
	29	3	3	7	3.941558e+01	2.759091e+02
	29	3	4	-3	2.931818e+01	1.879545e+02
	29	3	5	0	1.399351e+01	1.879545e+02

Somatório 2
	29	3	1	0	1.399351e+01	0
	29	3	2	-3	2.931818e+01	-8.795454e+01

Iteração
	29	3	7.290223e-06	3.941558e+01	3.941558e+01

Somatório 1
	29	4	4	7	2.931818e+01	2.052273e+02
	29	4	5	-3	1.399351e+01	1.632467e+02

Somatório 2
	29	4	1	0	1.399351e+01	0
	29	4	2	0	2.931818e+01	0
	29	4	3	-3	3.941558e+01	-1.182467e+02

Iteração
	29	4	4.686572e-06	2.931818e+01	2.931818e+01

Somatório 1
	29	5	5	7	1.399351e+01	9.795454e+01

Somatório 2
	29	5	1	0	1.399351e+01	0
	29	5	2	0	2.931818e+01	0
	29	5	3	0	3.941558e+01	0
	29	5	4	-3	2.931818e+01	-8.795454e+01

Iteração
	29	5	2.008531e-06	1.399351e+01	1.399351e+01

Somatório 1
	30	1	1	7	1.399351e+01	9.795454e+01
	30	1	2	-3	2.931818e+01	9.999996e+00
	30	1	3	0	3.941558e+01	9.999996e+00
	30	1	4	0	2.931818e+01	9.999996e+00
	30	1	5	0	1.399351e+01	9.999996e+00

Somatório 2

Iteração
	30	1	3.645111e-06	1.399351e+01	1.399351e+01

Somatório 1
	30	2	2	7	2.931818e+01	2.052273e+02
	30	2	3	-3	3.941558e+01	8.698051e+01
	30	2	4	0	2.931818e+01	8.698051e+01
	30	2	5	0	1.399351e+01	8.698051e+01

Somatório 2
	30	2	1	-3	1.399351e+01	-4.198052e+01

Iteração
	30	2	4.686572e-06	2.931818e+01	2.931818e+01

Somatório 1
	30	3	3	7	3.941558e+01	2.759091e+02
	30	3	4	-3	2.931818e+01	1.879545e+02
	30	3	5	0	1.399351e+01	1.879545e+02

Somatório 2
	30	3	1	0	1.399351e+01	0
	30	3	2	-3	2.931818e+01	-8.795454e+01

Iteração
	30	3	4.017062e-06	3.941558e+01	3.941558e+01

Somatório 1
	30	4	4	7	2.931818e+01	2.052273e+02
	30	4	5	-3	1.399351e+01	1.632467e+02

Somatório 2
	30	4	1	0	1.399351e+01	0
	30	4	2	0	2.931818e+01	0
	30	4	3	-3	3.941558e+01	-1.182468e+02

Iteração
	30	4	2.582397e-06	2.931818e+01	2.931818e+01

Somatório 1
	30	5	5	7	1.399351e+01	9.795454e+01

Somatório 2
	30	5	1	0	1.399351e+01	0
	30	5	2	0	2.931818e+01	0
	30	5	3	0	3.941558e+01	0
	30	5	4	-3	2.931818e+01	-8.795454e+01

Iteração
	30	5	1.106741e-06	1.399351e+01	1.399351e+01


--------------------Histórico de X(i)-------------------------
	0	1.428571e+00	4.446064e+00	8.178438e+00	1.063929e+01	1.211772e+01	1.295485e+01	1.342025e+01	1.367746e+01	1.381933e+01	1.389753e+01	1.394062e+01	1.396436e+01	1.397745e+01	1.398466e+01	1.398863e+01	1.399082e+01	1.399203e+01	1.399269e+01	1.399306e+01	1.399326e+01	1.399337e+01	1.399343e+01	1.399347e+01	1.399348e+01	1.399349e+01	1.399350e+01	1.399350e+01	1.399350e+01	1.399351e+01	1.399351e+01
	0	7.040816e+00	1.574969e+01	2.149168e+01	2.494134e+01	2.689465e+01	2.798059e+01	2.858075e+01	2.891177e+01	2.909423e+01	2.919477e+01	2.925018e+01	2.928071e+01	2.929754e+01	2.930681e+01	2.931191e+01	2.931473e+01	2.931628e+01	2.931713e+01	2.931760e+01	2.931786e+01	2.931801e+01	2.931809e+01	2.931813e+01	2.931815e+01	2.931817e+01	2.931817e+01	2.931818e+01	2.931818e+01	2.931818e+01	2.931818e+01
	0	1.730321e+01	2.696882e+01	3.255716e+01	3.563646e+01	3.733321e+01	3.826815e+01	3.878333e+01	3.906720e+01	3.922362e+01	3.930981e+01	3.935730e+01	3.938347e+01	3.939789e+01	3.940583e+01	3.941021e+01	3.941262e+01	3.941395e+01	3.941469e+01	3.941509e+01	3.941531e+01	3.941543e+01	3.941550e+01	3.941554e+01	3.941556e+01	3.941557e+01	3.941558e+01	3.941558e+01	3.941558e+01	3.941558e+01	3.941558e+01
	0	1.384423e+01	2.114170e+01	2.487706e+01	2.688284e+01	2.797843e+01	2.858035e+01	2.891169e+01	2.909421e+01	2.919477e+01	2.925018e+01	2.928071e+01	2.929754e+01	2.930681e+01	2.931191e+01	2.931473e+01	2.931628e+01	2.931713e+01	2.931760e+01	2.931786e+01	2.931801e+01	2.931809e+01	2.931813e+01	2.931815e+01	2.931817e+01	2.931817e+01	2.931818e+01	2.931818e+01	2.931818e+01	2.931818e+01	2.931818e+01
	0	7.361814e+00	1.048930e+01	1.209017e+01	1.294979e+01	1.341933e+01	1.367729e+01	1.381930e+01	1.389752e+01	1.394062e+01	1.396436e+01	1.397745e+01	1.398466e+01	1.398863e+01	1.399082e+01	1.399203e+01	1.399269e+01	1.399306e+01	1.399326e+01	1.399337e+01	1.399343e+01	1.399347e+01	1.399348e+01	1.399349e+01	1.399350e+01	1.399350e+01	1.399350e+01	1.399351e+01	1.399351e+01	1.399351e+01	1.399351e+01


--------------------Solução-------------------------
	1.399351e+01	2.931818e+01	3.941558e+01	2.931818e+01	1.399351e+01
